province_name, regency_name, district_name
JAWA BARAT,KAB. PANGANDARAN,Parigi
JAWA BARAT,KAB. PANGANDARAN,Cijulang
JAWA BARAT,KAB. PANGANDARAN,Cimerak
JAWA BARAT,KAB. PANGANDARAN,Cigugur
JAWA BARAT,KAB. PANGANDARAN,Langkaplancar
JAWA BARAT,KAB. PANGANDARAN,Mangunjaya
JAWA BARAT,KAB. PANGANDARAN,Padaherang
JAWA BARAT,KAB. PANGANDARAN,Kalipucang
JAWA BARAT,KAB. PANGANDARAN,Pangandaran
JAWA BARAT,KAB. PANGANDARAN,Sidamulih
JAWA BARAT,KOTA BOGOR,Bogor Selatan
JAWA BARAT,KOTA BOGOR,Bogor Timur
JAWA BARAT,KOTA BOGOR,Bogor Tengah
JAWA BARAT,KOTA BOGOR,Bogor Barat
JAWA BARAT,KOTA BOGOR,Bogor Utara
JAWA BARAT,KOTA BOGOR,Tanah Sareal
JAWA BARAT,KOTA SUKABUMI,Gunung Puyuh
JAWA BARAT,KOTA SUKABUMI,Cikole
JAWA BARAT,KOTA SUKABUMI,Citamiang
JAWA BARAT,KOTA SUKABUMI,Warudoyong
JAWA BARAT,KOTA SUKABUMI,Baros
JAWA BARAT,KOTA SUKABUMI,Lembursitu
JAWA BARAT,KOTA SUKABUMI,Cibeureum
JAWA BARAT,KOTA BANDUNG,Sukasari
JAWA BARAT,KOTA BANDUNG,Coblong
JAWA BARAT,KOTA BANDUNG,Babakan Ciparay
JAWA BARAT,KOTA BANDUNG,Bojongloa Kaler
JAWA BARAT,KOTA BANDUNG,Andir
JAWA BARAT,KOTA BANDUNG,Cicendo
JAWA BARAT,KOTA BANDUNG,Sukajadi
JAWA BARAT,KOTA BANDUNG,Cidadap
JAWA BARAT,KOTA BANDUNG,Bandung Wetan
JAWA BARAT,KOTA BANDUNG,Astana Anyar
JAWA BARAT,KOTA BANDUNG,Regol
JAWA BARAT,KOTA BANDUNG,Batununggal
JAWA BARAT,KOTA BANDUNG,Lengkong
JAWA BARAT,KOTA BANDUNG,Cibeunying Kidul
JAWA BARAT,KOTA BANDUNG,Bandung Kulon
JAWA BARAT,KOTA BANDUNG,Kiaracondong
JAWA BARAT,KOTA BANDUNG,Bojongloa Kidul
JAWA BARAT,KOTA BANDUNG,Cibeunying Kaler
JAWA BARAT,KOTA BANDUNG,Sumur Bandung
JAWA BARAT,KOTA BANDUNG,Antapani
JAWA BARAT,KOTA BANDUNG,Bandung Kidul
JAWA BARAT,KOTA BANDUNG,Buahbatu
JAWA BARAT,KOTA BANDUNG,Rancasari
JAWA BARAT,KOTA BANDUNG,Arcamanik
JAWA BARAT,KOTA BANDUNG,Cibiru
JAWA BARAT,KOTA BANDUNG,Ujungberung
JAWA BARAT,KOTA BANDUNG,Gedebage
JAWA BARAT,KOTA BANDUNG,Panyileukan
JAWA BARAT,KOTA BANDUNG,Cinambo
JAWA BARAT,KOTA BANDUNG,Mandalajati
JAWA BARAT,KOTA CIREBON,Kejaksan
JAWA BARAT,KOTA CIREBON,Lemahwungkuk
JAWA BARAT,KOTA CIREBON,Harjamukti
JAWA BARAT,KOTA CIREBON,Pekalipan
JAWA BARAT,KOTA CIREBON,Kesambi
JAWA BARAT,KOTA BEKASI,Bekasi Timur
JAWA BARAT,KOTA BEKASI,Bekasi Barat
JAWA BARAT,KOTA BEKASI,Bekasi Utara
JAWA BARAT,KOTA BEKASI,Bekasi Selatan
JAWA BARAT,KOTA BEKASI,Rawalumbu
JAWA BARAT,KOTA BEKASI,Medansatria
JAWA BARAT,KOTA BEKASI,Bantargebang
JAWA BARAT,KOTA BEKASI,Pondokgede
JAWA BARAT,KOTA BEKASI,Jatiasih
JAWA BARAT,KOTA BEKASI,Jatisampurna
JAWA BARAT,KOTA BEKASI,Mustikajaya
JAWA BARAT,KOTA BEKASI,Pondokmelati
JAWA BARAT,KOTA DEPOK,Pancoran Mas
JAWA BARAT,KOTA DEPOK,Cimanggis
JAWA BARAT,KOTA DEPOK,Sawangan
JAWA BARAT,KOTA DEPOK,Limo
JAWA BARAT,KOTA DEPOK,Sukmajaya
JAWA BARAT,KOTA DEPOK,Beji
JAWA BARAT,KOTA DEPOK,Cipayung
JAWA BARAT,KOTA DEPOK,Cilodong
JAWA BARAT,KOTA DEPOK,Cinere
JAWA BARAT,KOTA DEPOK,Tapos
JAWA BARAT,KOTA DEPOK,Bojongsari
JAWA BARAT,KOTA CIMAHI,Cimahi Selatan
JAWA BARAT,KOTA CIMAHI,Cimahi Tengah
JAWA BARAT,KOTA CIMAHI,Cimahi Utara
JAWA BARAT,KOTA TASIKMALAYA,Cihideung
JAWA BARAT,KOTA TASIKMALAYA,Cipedes
JAWA BARAT,KOTA TASIKMALAYA,Tawang
JAWA BARAT,KOTA TASIKMALAYA,Indihiang
JAWA BARAT,KOTA TASIKMALAYA,Kawalu
JAWA BARAT,KOTA TASIKMALAYA,Cibeureum
JAWA BARAT,KOTA TASIKMALAYA,Tamansari
JAWA BARAT,KOTA TASIKMALAYA,Mangkubumi
JAWA BARAT,KOTA TASIKMALAYA,Bungursari
JAWA BARAT,KOTA TASIKMALAYA,Purbaratu
JAWA BARAT,KOTA BANJAR,Banjar
JAWA BARAT,KOTA BANJAR,Pataruman
JAWA BARAT,KOTA BANJAR,Purwaharja
JAWA BARAT,KOTA BANJAR,Langensari
JAWA TENGAH,KAB. CILACAP,Kedungreja
JAWA TENGAH,KAB. CILACAP,Kesugihan
JAWA TENGAH,KAB. CILACAP,Adipala
JAWA TENGAH,KAB. CILACAP,Binangun
JAWA TENGAH,KAB. CILACAP,Nusawungu
JAWA TENGAH,KAB. CILACAP,Kroya
JAWA TENGAH,KAB. CILACAP,Maos
JAWA TENGAH,KAB. CILACAP,Jeruklegi
JAWA TENGAH,KAB. CILACAP,Kawunganten
JAWA TENGAH,KAB. CILACAP,Gandrungmangu
JAWA TENGAH,KAB. CILACAP,Sidareja
JAWA TENGAH,KAB. CILACAP,Karangpucung
JAWA TENGAH,KAB. CILACAP,Cimanggu
JAWA TENGAH,KAB. CILACAP,Majenang
JAWA TENGAH,KAB. CILACAP,Wanareja
JAWA TENGAH,KAB. CILACAP,Dayeuhluhur
JAWA TENGAH,KAB. CILACAP,Sampang
JAWA TENGAH,KAB. CILACAP,Cipari
JAWA TENGAH,KAB. CILACAP,Patimuan
JAWA TENGAH,KAB. CILACAP,Bantarsari
JAWA TENGAH,KAB. CILACAP,Cilacap Selatan
JAWA TENGAH,KAB. CILACAP,Cilacap Tengah
JAWA TENGAH,KAB. CILACAP,Cilacap Utara
JAWA TENGAH,KAB. CILACAP,Kampung Laut
JAWA TENGAH,KAB. BANYUMAS,Lumbir
JAWA TENGAH,KAB. BANYUMAS,Wangon
JAWA TENGAH,KAB. BANYUMAS,Jatilawang
JAWA TENGAH,KAB. BANYUMAS,Rawalo
JAWA TENGAH,KAB. BANYUMAS,Kebasen
JAWA TENGAH,KAB. BANYUMAS,Kemranjen
JAWA TENGAH,KAB. BANYUMAS,Sumpiuh
JAWA TENGAH,KAB. BANYUMAS,Tambak
JAWA TENGAH,KAB. BANYUMAS,Somagede
JAWA TENGAH,KAB. BANYUMAS,Kalibagor
JAWA TENGAH,KAB. BANYUMAS,Banyumas
JAWA TENGAH,KAB. BANYUMAS,Patikraja
JAWA TENGAH,KAB. BANYUMAS,Purwojati
JAWA TENGAH,KAB. BANYUMAS,Ajibarang
JAWA TENGAH,KAB. BANYUMAS,Gumelar
JAWA TENGAH,KAB. BANYUMAS,Pekuncen
JAWA TENGAH,KAB. BANYUMAS,Cilongok
JAWA TENGAH,KAB. BANYUMAS,Karanglewas
JAWA TENGAH,KAB. BANYUMAS,Sokaraja
JAWA TENGAH,KAB. BANYUMAS,Kembaran
JAWA TENGAH,KAB. BANYUMAS,Sumbang
JAWA TENGAH,KAB. BANYUMAS,Baturraden
JAWA TENGAH,KAB. BANYUMAS,Kedungbanteng
JAWA TENGAH,KAB. BANYUMAS,Purwokerto Selatan
JAWA TENGAH,KAB. BANYUMAS,Purwokerto Barat
JAWA TENGAH,KAB. BANYUMAS,Purwokerto Timur
JAWA TENGAH,KAB. BANYUMAS,Purwokerto Utara
JAWA TENGAH,KAB. PURBALINGGA,Kemangkon
JAWA TENGAH,KAB. PURBALINGGA,Bukateja
JAWA TENGAH,KAB. PURBALINGGA,Kejobong
JAWA TENGAH,KAB. PURBALINGGA,Kaligondang
JAWA TENGAH,KAB. PURBALINGGA,Purbalingga
JAWA TENGAH,KAB. PURBALINGGA,Kalimanah
JAWA TENGAH,KAB. PURBALINGGA,Kutasari
JAWA TENGAH,KAB. PURBALINGGA,Mrebet
JAWA TENGAH,KAB. PURBALINGGA,Bobotsari
JAWA TENGAH,KAB. PURBALINGGA,Karangreja
JAWA TENGAH,KAB. PURBALINGGA,Karanganyar
JAWA TENGAH,KAB. PURBALINGGA,Karangmoncol
JAWA TENGAH,KAB. PURBALINGGA,Rembang
JAWA TENGAH,KAB. PURBALINGGA,Bojongsari
JAWA TENGAH,KAB. PURBALINGGA,Padamara
JAWA TENGAH,KAB. PURBALINGGA,Pengadegan
JAWA TENGAH,KAB. PURBALINGGA,Karangjambu
JAWA TENGAH,KAB. PURBALINGGA,Kertanegara
JAWA TENGAH,KAB. BANJARNEGARA,Susukan
JAWA TENGAH,KAB. BANJARNEGARA,Purworeja Klampok
JAWA TENGAH,KAB. BANJARNEGARA,Mandiraja
JAWA TENGAH,KAB. BANJARNEGARA,Purwanegara
JAWA TENGAH,KAB. BANJARNEGARA,Bawang
JAWA TENGAH,KAB. BANJARNEGARA,Banjarnegara
JAWA TENGAH,KAB. BANJARNEGARA,Sigaluh
JAWA TENGAH,KAB. BANJARNEGARA,Madukara
JAWA TENGAH,KAB. BANJARNEGARA,Banjarmangu
JAWA TENGAH,KAB. BANJARNEGARA,Wanadadi
JAWA TENGAH,KAB. BANJARNEGARA,Rakit
JAWA TENGAH,KAB. BANJARNEGARA,Punggelan
JAWA TENGAH,KAB. BANJARNEGARA,Karangkobar
JAWA TENGAH,KAB. BANJARNEGARA,Pagentan
JAWA TENGAH,KAB. BANJARNEGARA,Pejawaran
JAWA TENGAH,KAB. BANJARNEGARA,Batur
JAWA TENGAH,KAB. BANJARNEGARA,Wanayasa
JAWA TENGAH,KAB. BANJARNEGARA,Kalibening
JAWA TENGAH,KAB. BANJARNEGARA,Pandanarum
JAWA TENGAH,KAB. BANJARNEGARA,Pagedongan
JAWA TENGAH,KAB. KEBUMEN,Ayah
JAWA TENGAH,KAB. KEBUMEN,Buayan
JAWA TENGAH,KAB. KEBUMEN,Puring
JAWA TENGAH,KAB. KEBUMEN,Petanahan
JAWA TENGAH,KAB. KEBUMEN,Klirong
JAWA TENGAH,KAB. KEBUMEN,Buluspesantren
JAWA TENGAH,KAB. KEBUMEN,Ambal
JAWA TENGAH,KAB. KEBUMEN,Mirit
JAWA TENGAH,KAB. KEBUMEN,Prembun
JAWA TENGAH,KAB. KEBUMEN,Kutowinangun
JAWA TENGAH,KAB. KEBUMEN,Alian
JAWA TENGAH,KAB. KEBUMEN,Kebumen
JAWA TENGAH,KAB. KEBUMEN,Pejagoan
JAWA TENGAH,KAB. KEBUMEN,Sruweng
JAWA TENGAH,KAB. KEBUMEN,Adimulyo
JAWA TENGAH,KAB. KEBUMEN,Kuwarasan
JAWA TENGAH,KAB. KEBUMEN,Rowokele
JAWA TENGAH,KAB. KEBUMEN,Sempor
JAWA TENGAH,KAB. KEBUMEN,Gombong
JAWA TENGAH,KAB. KEBUMEN,Karanganyar
JAWA TENGAH,KAB. KEBUMEN,Karanggayam
JAWA TENGAH,KAB. KEBUMEN,Sadang
JAWA TENGAH,KAB. KEBUMEN,Bonorowo
JAWA TENGAH,KAB. KEBUMEN,Padureso
JAWA TENGAH,KAB. KEBUMEN,Poncowarno
JAWA TENGAH,KAB. KEBUMEN,Karangsambung
JAWA TENGAH,KAB. PURWOREJO,Grabag
JAWA TENGAH,KAB. PURWOREJO,Ngombol
JAWA TENGAH,KAB. PURWOREJO,Purwodadi
JAWA TENGAH,KAB. PURWOREJO,Bagelen
JAWA TENGAH,KAB. PURWOREJO,Kaligesing
JAWA TENGAH,KAB. PURWOREJO,Purworejo
JAWA TENGAH,KAB. PURWOREJO,Banyuurip
JAWA TENGAH,KAB. PURWOREJO,Bayan
JAWA TENGAH,KAB. PURWOREJO,Kutoarjo
JAWA TENGAH,KAB. PURWOREJO,Butuh
JAWA TENGAH,KAB. PURWOREJO,Pituruh
JAWA TENGAH,KAB. PURWOREJO,Kemiri
JAWA TENGAH,KAB. PURWOREJO,Bruno
JAWA TENGAH,KAB. PURWOREJO,Gebang
JAWA TENGAH,KAB. PURWOREJO,Loano
JAWA TENGAH,KAB. PURWOREJO,Bener
JAWA TENGAH,KAB. WONOSOBO,Wadaslintang
JAWA TENGAH,KAB. WONOSOBO,Kepil
JAWA TENGAH,KAB. WONOSOBO,Sapuran
JAWA TENGAH,KAB. WONOSOBO,Kaliwiro
JAWA TENGAH,KAB. WONOSOBO,Leksono
JAWA TENGAH,KAB. WONOSOBO,Selomerto
JAWA TENGAH,KAB. WONOSOBO,Kalikajar
JAWA TENGAH,KAB. WONOSOBO,Kertek
JAWA TENGAH,KAB. WONOSOBO,Wonosobo
JAWA TENGAH,KAB. WONOSOBO,Watumalang
JAWA TENGAH,KAB. WONOSOBO,Mojotengah
JAWA TENGAH,KAB. WONOSOBO,Garung
JAWA TENGAH,KAB. WONOSOBO,Kejajar
JAWA TENGAH,KAB. WONOSOBO,Sukoharjo
JAWA TENGAH,KAB. WONOSOBO,Kalibawang
JAWA TENGAH,KAB. MAGELANG,Salaman
JAWA TENGAH,KAB. MAGELANG,Borobudur
JAWA TENGAH,KAB. MAGELANG,Ngluwar
JAWA TENGAH,KAB. MAGELANG,Salam
JAWA TENGAH,KAB. MAGELANG,Srumbung
JAWA TENGAH,KAB. MAGELANG,Dukun
JAWA TENGAH,KAB. MAGELANG,Sawangan
JAWA TENGAH,KAB. MAGELANG,Muntilan
JAWA TENGAH,KAB. MAGELANG,Mungkid
JAWA TENGAH,KAB. MAGELANG,Mertoyudan
JAWA TENGAH,KAB. MAGELANG,Tempuran
JAWA TENGAH,KAB. MAGELANG,Kajoran
JAWA TENGAH,KAB. MAGELANG,Kaliangkrik
JAWA TENGAH,KAB. MAGELANG,Bandongan
JAWA TENGAH,KAB. MAGELANG,Candimulyo
JAWA TENGAH,KAB. MAGELANG,Pakis
JAWA TENGAH,KAB. MAGELANG,Ngablak
JAWA TENGAH,KAB. MAGELANG,Grabag
JAWA TENGAH,KAB. MAGELANG,Tegalrejo
JAWA TENGAH,KAB. MAGELANG,Secang
JAWA TENGAH,KAB. MAGELANG,Windusari
JAWA TENGAH,KAB. BOYOLALI,Selo
JAWA TENGAH,KAB. BOYOLALI,Ampel
JAWA TENGAH,KAB. BOYOLALI,Cepogo
JAWA TENGAH,KAB. BOYOLALI,Musuk
JAWA TENGAH,KAB. BOYOLALI,Boyolali
JAWA TENGAH,KAB. BOYOLALI,Mojosongo
JAWA TENGAH,KAB. BOYOLALI,Teras
JAWA TENGAH,KAB. BOYOLALI,Sawit
JAWA TENGAH,KAB. BOYOLALI,Banyudono
JAWA TENGAH,KAB. BOYOLALI,Sambi
JAWA TENGAH,KAB. BOYOLALI,Ngemplak
JAWA TENGAH,KAB. BOYOLALI,Nogosari
JAWA TENGAH,KAB. BOYOLALI,Simo
JAWA TENGAH,KAB. BOYOLALI,Karanggede
JAWA TENGAH,KAB. BOYOLALI,Klego
JAWA TENGAH,KAB. BOYOLALI,Andong
JAWA TENGAH,KAB. BOYOLALI,Kemusu
JAWA TENGAH,KAB. BOYOLALI,Wonosegoro
JAWA TENGAH,KAB. BOYOLALI,Juwangi
JAWA TENGAH,KAB. BOYOLALI,Gladagsari
JAWA TENGAH,KAB. BOYOLALI,Tamansari
JAWA TENGAH,KAB. BOYOLALI,Wonosamodro
JAWA TENGAH,KAB. KLATEN,Prambanan
JAWA TENGAH,KAB. KLATEN,Gantiwarno
JAWA TENGAH,KAB. KLATEN,Wedi
JAWA TENGAH,KAB. KLATEN,Bayat
JAWA TENGAH,KAB. KLATEN,Cawas
JAWA TENGAH,KAB. KLATEN,Trucuk
JAWA TENGAH,KAB. KLATEN,Kebonarum
JAWA TENGAH,KAB. KLATEN,Jogonalan
JAWA TENGAH,KAB. KLATEN,Manisrenggo
JAWA TENGAH,KAB. KLATEN,Karangnongko
JAWA TENGAH,KAB. KLATEN,Ceper
JAWA TENGAH,KAB. KLATEN,Pedan
JAWA TENGAH,KAB. KLATEN,Karangdowo
JAWA TENGAH,KAB. KLATEN,Juwiring
JAWA TENGAH,KAB. KLATEN,Wonosari
JAWA TENGAH,KAB. KLATEN,Delanggu
JAWA TENGAH,KAB. KLATEN,Polanharjo
JAWA TENGAH,KAB. KLATEN,Karanganom
JAWA TENGAH,KAB. KLATEN,Tulung
JAWA TENGAH,KAB. KLATEN,Jatinom
JAWA TENGAH,KAB. KLATEN,Kemalang
JAWA TENGAH,KAB. KLATEN,Ngawen
JAWA TENGAH,KAB. KLATEN,Kalikotes
JAWA TENGAH,KAB. KLATEN,Klaten Utara
JAWA TENGAH,KAB. KLATEN,Klaten Tengah
JAWA TENGAH,KAB. KLATEN,Klaten Selatan
JAWA TENGAH,KAB. SUKOHARJO,Weru
JAWA TENGAH,KAB. SUKOHARJO,Bulu
JAWA TENGAH,KAB. SUKOHARJO,Tawangsari
JAWA TENGAH,KAB. SUKOHARJO,Sukoharjo
JAWA TENGAH,KAB. SUKOHARJO,Nguter
JAWA TENGAH,KAB. SUKOHARJO,Bendosari
JAWA TENGAH,KAB. SUKOHARJO,Polokarto
JAWA TENGAH,KAB. SUKOHARJO,Mojolaban
JAWA TENGAH,KAB. SUKOHARJO,Grogol
JAWA TENGAH,KAB. SUKOHARJO,Baki
JAWA TENGAH,KAB. SUKOHARJO,Gatak
JAWA TENGAH,KAB. SUKOHARJO,Kartasura
JAWA TENGAH,KAB. WONOGIRI,Pracimantoro
JAWA TENGAH,KAB. WONOGIRI,Giritontro
JAWA TENGAH,KAB. WONOGIRI,Giriwoyo
JAWA TENGAH,KAB. WONOGIRI,Batuwarno
JAWA TENGAH,KAB. WONOGIRI,Tirtomoyo
JAWA TENGAH,KAB. WONOGIRI,Nguntoronadi
JAWA TENGAH,KAB. WONOGIRI,Baturetno
JAWA TENGAH,KAB. WONOGIRI,Eromoko
JAWA TENGAH,KAB. WONOGIRI,Wuryantoro
JAWA TENGAH,KAB. WONOGIRI,Manyaran
JAWA TENGAH,KAB. WONOGIRI,Selogiri
JAWA TENGAH,KAB. WONOGIRI,Wonogiri
JAWA TENGAH,KAB. WONOGIRI,Ngadirojo
JAWA TENGAH,KAB. WONOGIRI,Sidoharjo
JAWA TENGAH,KAB. WONOGIRI,Jatiroto
JAWA TENGAH,KAB. WONOGIRI,Kismantoro
JAWA TENGAH,KAB. WONOGIRI,Purwantoro
JAWA TENGAH,KAB. WONOGIRI,Bulukerto
JAWA TENGAH,KAB. WONOGIRI,Slogohimo
JAWA TENGAH,KAB. WONOGIRI,Jatisrono
JAWA TENGAH,KAB. WONOGIRI,Jatipurno
JAWA TENGAH,KAB. WONOGIRI,Girimarto
JAWA TENGAH,KAB. WONOGIRI,Karangtengah
JAWA TENGAH,KAB. WONOGIRI,Paranggupito
JAWA TENGAH,KAB. WONOGIRI,Puhpelem
JAWA TENGAH,KAB. KARANGANYAR,Jatipuro
JAWA TENGAH,KAB. KARANGANYAR,Jatiyoso
JAWA TENGAH,KAB. KARANGANYAR,Jumapolo
JAWA TENGAH,KAB. KARANGANYAR,Jumantono
JAWA TENGAH,KAB. KARANGANYAR,Matesih
JAWA TENGAH,KAB. KARANGANYAR,Tawangmangu
JAWA TENGAH,KAB. KARANGANYAR,Ngargoyoso
JAWA TENGAH,KAB. KARANGANYAR,Karangpandan
JAWA TENGAH,KAB. KARANGANYAR,Karanganyar
JAWA TENGAH,KAB. KARANGANYAR,Tasikmadu
JAWA TENGAH,KAB. KARANGANYAR,Jaten
JAWA TENGAH,KAB. KARANGANYAR,Colomadu
JAWA TENGAH,KAB. KARANGANYAR,Gondangrejo
JAWA TENGAH,KAB. KARANGANYAR,Kebakkramat
JAWA TENGAH,KAB. KARANGANYAR,Mojogedang
JAWA TENGAH,KAB. KARANGANYAR,Kerjo
JAWA TENGAH,KAB. KARANGANYAR,Jenawi
JAWA TENGAH,KAB. SRAGEN,Kalijambe
JAWA TENGAH,KAB. SRAGEN,Plupuh
JAWA TENGAH,KAB. SRAGEN,Masaran
JAWA TENGAH,KAB. SRAGEN,Kedawung
JAWA TENGAH,KAB. SRAGEN,Sambirejo
JAWA TENGAH,KAB. SRAGEN,Gondang
JAWA TENGAH,KAB. SRAGEN,Sambungmacan
JAWA TENGAH,KAB. SRAGEN,Ngrampal
JAWA TENGAH,KAB. SRAGEN,Karangmalang
JAWA TENGAH,KAB. SRAGEN,Sragen
JAWA TENGAH,KAB. SRAGEN,Sidoharjo
JAWA TENGAH,KAB. SRAGEN,Tanon
JAWA TENGAH,KAB. SRAGEN,Gemolong
JAWA TENGAH,KAB. SRAGEN,Miri
JAWA TENGAH,KAB. SRAGEN,Sumberlawang
JAWA TENGAH,KAB. SRAGEN,Mondokan
JAWA TENGAH,KAB. SRAGEN,Sukodono
JAWA TENGAH,KAB. SRAGEN,Gesi
JAWA TENGAH,KAB. SRAGEN,Tangen
JAWA TENGAH,KAB. SRAGEN,Jenar
JAWA TENGAH,KAB. GROBOGAN,Kedungjati
JAWA TENGAH,KAB. GROBOGAN,Karangrayung
JAWA TENGAH,KAB. GROBOGAN,Penawangan
JAWA TENGAH,KAB. GROBOGAN,Toroh
JAWA TENGAH,KAB. GROBOGAN,Geyer
JAWA TENGAH,KAB. GROBOGAN,Pulokulon
JAWA TENGAH,KAB. GROBOGAN,Kradenan
JAWA TENGAH,KAB. GROBOGAN,Gabus
JAWA TENGAH,KAB. GROBOGAN,Ngaringan
JAWA TENGAH,KAB. GROBOGAN,Wirosari
JAWA TENGAH,KAB. GROBOGAN,Tawangharjo
JAWA TENGAH,KAB. GROBOGAN,Grobogan
JAWA TENGAH,KAB. GROBOGAN,Purwodadi
JAWA TENGAH,KAB. GROBOGAN,Brati
JAWA TENGAH,KAB. GROBOGAN,Klambu
JAWA TENGAH,KAB. GROBOGAN,Godong
JAWA TENGAH,KAB. GROBOGAN,Gubug
JAWA TENGAH,KAB. GROBOGAN,Tegowanu
JAWA TENGAH,KAB. GROBOGAN,Tanggungharjo
JAWA TENGAH,KAB. BLORA,Jati
JAWA TENGAH,KAB. BLORA,Randublatung
JAWA TENGAH,KAB. BLORA,Kradenan
JAWA TENGAH,KAB. BLORA,Kedungtuban
JAWA TENGAH,KAB. BLORA,Cepu
JAWA TENGAH,KAB. BLORA,Sambong
JAWA TENGAH,KAB. BLORA,Jiken
JAWA TENGAH,KAB. BLORA,Jepon
JAWA TENGAH,KAB. BLORA,Blora
JAWA TENGAH,KAB. BLORA,Tunjungan
JAWA TENGAH,KAB. BLORA,Banjarejo
JAWA TENGAH,KAB. BLORA,Ngawen
JAWA TENGAH,KAB. BLORA,Kunduran
JAWA TENGAH,KAB. BLORA,Todanan
JAWA TENGAH,KAB. BLORA,Bogorejo
JAWA TENGAH,KAB. BLORA,Japah
JAWA TENGAH,KAB. REMBANG,Sumber
JAWA TENGAH,KAB. REMBANG,Bulu
JAWA TENGAH,KAB. REMBANG,Gunem
JAWA TENGAH,KAB. REMBANG,Sale
JAWA TENGAH,KAB. REMBANG,Sarang
JAWA TENGAH,KAB. REMBANG,Sedan
JAWA TENGAH,KAB. REMBANG,Pamotan
JAWA TENGAH,KAB. REMBANG,Sulang
JAWA TENGAH,KAB. REMBANG,Kaliori
JAWA TENGAH,KAB. REMBANG,Rembang
JAWA TENGAH,KAB. REMBANG,Pancur
JAWA TENGAH,KAB. REMBANG,Kragan
JAWA TENGAH,KAB. REMBANG,Sluke
JAWA TENGAH,KAB. REMBANG,Lasem
JAWA TENGAH,KAB. PATI,Sukolilo
JAWA TENGAH,KAB. PATI,Kayen
JAWA TENGAH,KAB. PATI,Tambakromo
JAWA TENGAH,KAB. PATI,Winong
JAWA TENGAH,KAB. PATI,Pucakwangi
JAWA TENGAH,KAB. PATI,Jaken
JAWA TENGAH,KAB. PATI,Batangan
JAWA TENGAH,KAB. PATI,Juwana
JAWA TENGAH,KAB. PATI,Jakenan
JAWA TENGAH,KAB. PATI,Pati
JAWA TENGAH,KAB. PATI,Gabus
JAWA TENGAH,KAB. PATI,Margorejo
JAWA TENGAH,KAB. PATI,Gembong
JAWA TENGAH,KAB. PATI,Tlogowungu
JAWA TENGAH,KAB. PATI,Wedarijaksa
JAWA TENGAH,KAB. PATI,Margoyoso
JAWA TENGAH,KAB. PATI,Gunungwungkal
JAWA TENGAH,KAB. PATI,Cluwak
JAWA TENGAH,KAB. PATI,Tayu
JAWA TENGAH,KAB. PATI,Dukuhseti
JAWA TENGAH,KAB. PATI,Trangkil
JAWA TENGAH,KAB. KUDUS,Kaliwungu
JAWA TENGAH,KAB. KUDUS,Kota Kudus
JAWA TENGAH,KAB. KUDUS,Jati
JAWA TENGAH,KAB. KUDUS,Undaan
JAWA TENGAH,KAB. KUDUS,Mejobo
JAWA TENGAH,KAB. KUDUS,Jekulo
JAWA TENGAH,KAB. KUDUS,Bae
JAWA TENGAH,KAB. KUDUS,Gebog
JAWA TENGAH,KAB. KUDUS,Dawe
JAWA TENGAH,KAB. JEPARA,Kedung
JAWA TENGAH,KAB. JEPARA,Pecangaan
JAWA TENGAH,KAB. JEPARA,Welahan
JAWA TENGAH,KAB. JEPARA,Mayong
JAWA TENGAH,KAB. JEPARA,Batealit
JAWA TENGAH,KAB. JEPARA,Jepara
JAWA TENGAH,KAB. JEPARA,Mlonggo
JAWA TENGAH,KAB. JEPARA,Bangsri
JAWA TENGAH,KAB. JEPARA,Keling
JAWA TENGAH,KAB. JEPARA,Karimunjawa
JAWA TENGAH,KAB. JEPARA,Tahunan
JAWA TENGAH,KAB. JEPARA,Nalumsari
JAWA TENGAH,KAB. JEPARA,Kalinyamatan
JAWA TENGAH,KAB. JEPARA,Kembang
JAWA TENGAH,KAB. JEPARA,Pakis Aji
JAWA TENGAH,KAB. JEPARA,Donorojo
JAWA TENGAH,KAB. DEMAK,Mranggen
JAWA TENGAH,KAB. DEMAK,Karangawen
JAWA TENGAH,KAB. DEMAK,Guntur
JAWA TENGAH,KAB. DEMAK,Sayung
JAWA TENGAH,KAB. DEMAK,Karangtengah
JAWA TENGAH,KAB. DEMAK,Wonosalam
JAWA TENGAH,KAB. DEMAK,Dempet
JAWA TENGAH,KAB. DEMAK,Gajah
JAWA TENGAH,KAB. DEMAK,Karanganyar
JAWA TENGAH,KAB. DEMAK,Mijen
JAWA TENGAH,KAB. DEMAK,Demak
JAWA TENGAH,KAB. DEMAK,Bonang
JAWA TENGAH,KAB. DEMAK,Wedung
JAWA TENGAH,KAB. DEMAK,Kebonagung
JAWA TENGAH,KAB. SEMARANG,Getasan
JAWA TENGAH,KAB. SEMARANG,Tengaran
JAWA TENGAH,KAB. SEMARANG,Susukan
JAWA TENGAH,KAB. SEMARANG,Suruh
JAWA TENGAH,KAB. SEMARANG,Pabelan
JAWA TENGAH,KAB. SEMARANG,Tuntang
JAWA TENGAH,KAB. SEMARANG,Banyubiru
JAWA TENGAH,KAB. SEMARANG,Jambu
JAWA TENGAH,KAB. SEMARANG,Sumowono
JAWA TENGAH,KAB. SEMARANG,Ambarawa
JAWA TENGAH,KAB. SEMARANG,Bawen
JAWA TENGAH,KAB. SEMARANG,Bringin
JAWA TENGAH,KAB. SEMARANG,Bergas
JAWA TENGAH,KAB. SEMARANG,Pringapus
JAWA TENGAH,KAB. SEMARANG,Bancak
JAWA TENGAH,KAB. SEMARANG,Kaliwungu
JAWA TENGAH,KAB. SEMARANG,Ungaran Barat
JAWA TENGAH,KAB. SEMARANG,Ungaran Timur
JAWA TENGAH,KAB. SEMARANG,Bandungan
JAWA TENGAH,KAB. TEMANGGUNG,Bulu
JAWA TENGAH,KAB. TEMANGGUNG,Tembarak
JAWA TENGAH,KAB. TEMANGGUNG,Temanggung
JAWA TENGAH,KAB. TEMANGGUNG,Pringsurat
JAWA TENGAH,KAB. TEMANGGUNG,Kaloran
JAWA TENGAH,KAB. TEMANGGUNG,Kandangan
JAWA TENGAH,KAB. TEMANGGUNG,Kedu
JAWA TENGAH,KAB. TEMANGGUNG,Parakan
JAWA TENGAH,KAB. TEMANGGUNG,Ngadirejo
JAWA TENGAH,KAB. TEMANGGUNG,Jumo
JAWA TENGAH,KAB. TEMANGGUNG,Tretep
JAWA TENGAH,KAB. TEMANGGUNG,Candiroto
JAWA TENGAH,KAB. TEMANGGUNG,Kranggan
JAWA TENGAH,KAB. TEMANGGUNG,Tlogomulyo
JAWA TENGAH,KAB. TEMANGGUNG,Selopampang
JAWA TENGAH,KAB. TEMANGGUNG,Bansari
JAWA TENGAH,KAB. TEMANGGUNG,Kledung
JAWA TENGAH,KAB. TEMANGGUNG,Bejen
JAWA TENGAH,KAB. TEMANGGUNG,Wonoboyo
JAWA TENGAH,KAB. TEMANGGUNG,Gemawang
JAWA TENGAH,KAB. KENDAL,Plantungan
JAWA TENGAH,KAB. KENDAL,Pageruyung
JAWA TENGAH,KAB. KENDAL,Sukorejo
JAWA TENGAH,KAB. KENDAL,Patean
JAWA TENGAH,KAB. KENDAL,Singorojo
JAWA TENGAH,KAB. KENDAL,Limbangan
JAWA TENGAH,KAB. KENDAL,Boja
JAWA TENGAH,KAB. KENDAL,Kaliwungu
JAWA TENGAH,KAB. KENDAL,Brangsong
JAWA TENGAH,KAB. KENDAL,Pegandon
JAWA TENGAH,KAB. KENDAL,Gemuh
JAWA TENGAH,KAB. KENDAL,Weleri
JAWA TENGAH,KAB. KENDAL,Cepiring
JAWA TENGAH,KAB. KENDAL,Patebon
JAWA TENGAH,KAB. KENDAL,Kendal
JAWA TENGAH,KAB. KENDAL,Rowosari
JAWA TENGAH,KAB. KENDAL,Kangkung
JAWA TENGAH,KAB. KENDAL,Ringinarum
JAWA TENGAH,KAB. KENDAL,Ngampel
JAWA TENGAH,KAB. KENDAL,Kaliwungu Selatan
JAWA TENGAH,KAB. BATANG,Wonotunggal
JAWA TENGAH,KAB. BATANG,Bandar
JAWA TENGAH,KAB. BATANG,Blado
JAWA TENGAH,KAB. BATANG,Reban
JAWA TENGAH,KAB. BATANG,Bawang
JAWA TENGAH,KAB. BATANG,Tersono
JAWA TENGAH,KAB. BATANG,Gringsing
JAWA TENGAH,KAB. BATANG,Limpung
JAWA TENGAH,KAB. BATANG,Subah
JAWA TENGAH,KAB. BATANG,Tulis
JAWA TENGAH,KAB. BATANG,Batang
JAWA TENGAH,KAB. BATANG,Warungasem
JAWA TENGAH,KAB. BATANG,Kandeman
JAWA TENGAH,KAB. BATANG,Pecalungan
JAWA TENGAH,KAB. BATANG,Banyuputih
JAWA TENGAH,KAB. PEKALONGAN,Kandangserang
JAWA TENGAH,KAB. PEKALONGAN,Paninggaran
JAWA TENGAH,KAB. PEKALONGAN,Lebakbarang
JAWA TENGAH,KAB. PEKALONGAN,Petungkriyono
JAWA TENGAH,KAB. PEKALONGAN,Talun
JAWA TENGAH,KAB. PEKALONGAN,Doro
JAWA TENGAH,KAB. PEKALONGAN,Karanganyar
JAWA TENGAH,KAB. PEKALONGAN,Kajen
JAWA TENGAH,KAB. PEKALONGAN,Kesesi
JAWA TENGAH,KAB. PEKALONGAN,Sragi
JAWA TENGAH,KAB. PEKALONGAN,Bojong
JAWA TENGAH,KAB. PEKALONGAN,Wonopringgo
JAWA TENGAH,KAB. PEKALONGAN,Kedungwuni
JAWA TENGAH,KAB. PEKALONGAN,Buaran
JAWA TENGAH,KAB. PEKALONGAN,Tirto
JAWA TENGAH,KAB. PEKALONGAN,Wiradesa
JAWA TENGAH,KAB. PEKALONGAN,Siwalan
JAWA TENGAH,KAB. PEKALONGAN,Karangdadap
JAWA TENGAH,KAB. PEKALONGAN,Wonokerto
JAWA TENGAH,KAB. PEMALANG,Moga
JAWA TENGAH,KAB. PEMALANG,Pulosari
JAWA TENGAH,KAB. PEMALANG,Belik
JAWA TENGAH,KAB. PEMALANG,Watukumpul
JAWA TENGAH,KAB. PEMALANG,Bodeh
JAWA TENGAH,KAB. PEMALANG,Bantarbolang
JAWA TENGAH,KAB. PEMALANG,Randudongkal
JAWA TENGAH,KAB. PEMALANG,Pemalang
JAWA TENGAH,KAB. PEMALANG,Taman
JAWA TENGAH,KAB. PEMALANG,Petarukan
JAWA TENGAH,KAB. PEMALANG,Ampelgading
JAWA TENGAH,KAB. PEMALANG,Comal
JAWA TENGAH,KAB. PEMALANG,Ulujami
JAWA TENGAH,KAB. PEMALANG,Warungpring
JAWA TENGAH,KAB. TEGAL,Margasari
JAWA TENGAH,KAB. TEGAL,Bumijawa
JAWA TENGAH,KAB. TEGAL,Bojong
JAWA TENGAH,KAB. TEGAL,Balapulang
JAWA TENGAH,KAB. TEGAL,Pagerbarang
JAWA TENGAH,KAB. TEGAL,Lebaksiu
JAWA TENGAH,KAB. TEGAL,Jatinegara
JAWA TENGAH,KAB. TEGAL,Kedungbanteng
JAWA TENGAH,KAB. TEGAL,Pangkah
JAWA TENGAH,KAB. TEGAL,Slawi
JAWA TENGAH,KAB. TEGAL,Adiwerna
JAWA TENGAH,KAB. TEGAL,Talang
JAWA TENGAH,KAB. TEGAL,Dukuhturi
JAWA TENGAH,KAB. TEGAL,Tarub
JAWA TENGAH,KAB. TEGAL,Kramat
JAWA TENGAH,KAB. TEGAL,Suradadi
JAWA TENGAH,KAB. TEGAL,Warureja
JAWA TENGAH,KAB. TEGAL,Dukuhwaru
JAWA TENGAH,KAB. BREBES,Salem
JAWA TENGAH,KAB. BREBES,Bantarkawung
JAWA TENGAH,KAB. BREBES,Bumiayu
JAWA TENGAH,KAB. BREBES,Paguyangan
JAWA TENGAH,KAB. BREBES,Sirampog
JAWA TENGAH,KAB. BREBES,Tonjong
JAWA TENGAH,KAB. BREBES,Jatibarang
JAWA TENGAH,KAB. BREBES,Wanasari
JAWA TENGAH,KAB. BREBES,Brebes
JAWA TENGAH,KAB. BREBES,Songgom
JAWA TENGAH,KAB. BREBES,Kersana
JAWA TENGAH,KAB. BREBES,Losari
JAWA TENGAH,KAB. BREBES,Tanjung
JAWA TENGAH,KAB. BREBES,Bulakamba
JAWA TENGAH,KAB. BREBES,Larangan
JAWA TENGAH,KAB. BREBES,Ketanggungan
JAWA TENGAH,KAB. BREBES,Banjarharjo
JAWA TENGAH,KOTA MAGELANG,Magelang Selatan
JAWA TENGAH,KOTA MAGELANG,Magelang Utara
JAWA TENGAH,KOTA MAGELANG,Magelang Tengah
JAWA TENGAH,KOTA SURAKARTA,Laweyan
JAWA TENGAH,KOTA SURAKARTA,Serengan
JAWA TENGAH,KOTA SURAKARTA,Pasar Kliwon
JAWA TENGAH,KOTA SURAKARTA,Jebres
JAWA TENGAH,KOTA SURAKARTA,Banjarsari
JAWA TENGAH,KOTA SALATIGA,Sidorejo
JAWA TENGAH,KOTA SALATIGA,Tingkir
JAWA TENGAH,KOTA SALATIGA,Argomulyo
JAWA TENGAH,KOTA SALATIGA,Sidomukti
JAWA TENGAH,KOTA SEMARANG,Semarang Tengah
JAWA TENGAH,KOTA SEMARANG,Semarang Utara
JAWA TENGAH,KOTA SEMARANG,Semarang Timur
JAWA TENGAH,KOTA SEMARANG,Gayamsari
JAWA TENGAH,KOTA SEMARANG,Genuk
JAWA TENGAH,KOTA SEMARANG,Pedurungan
JAWA TENGAH,KOTA SEMARANG,Semarang Selatan
JAWA TENGAH,KOTA SEMARANG,Candisari
JAWA TENGAH,KOTA SEMARANG,Gajahmungkur
JAWA TENGAH,KOTA SEMARANG,Tembalang
JAWA TENGAH,KOTA SEMARANG,Banyumanik
JAWA TENGAH,KOTA SEMARANG,Gunungpati
JAWA TENGAH,KOTA SEMARANG,Semarang Barat
JAWA TENGAH,KOTA SEMARANG,Mijen
JAWA TENGAH,KOTA SEMARANG,Ngaliyan
JAWA TENGAH,KOTA SEMARANG,Tugu
JAWA TENGAH,KOTA PEKALONGAN,Pekalongan Barat
JAWA TENGAH,KOTA PEKALONGAN,Pekalongan Timur
JAWA TENGAH,KOTA PEKALONGAN,Pekalongan Utara
JAWA TENGAH,KOTA PEKALONGAN,Pekalongan Selatan
JAWA TENGAH,KOTA TEGAL,Tegal Barat
JAWA TENGAH,KOTA TEGAL,Tegal Timur
JAWA TENGAH,KOTA TEGAL,Tegal Selatan
JAWA TENGAH,KOTA TEGAL,Margadana
DAERAH ISTIMEWA YOGYAKARTA,KAB. KULON PROGO,Temon
DAERAH ISTIMEWA YOGYAKARTA,KAB. KULON PROGO,Wates
DAERAH ISTIMEWA YOGYAKARTA,KAB. KULON PROGO,Panjatan
DAERAH ISTIMEWA YOGYAKARTA,KAB. KULON PROGO,Galur
DAERAH ISTIMEWA YOGYAKARTA,KAB. KULON PROGO,Lendah
DAERAH ISTIMEWA YOGYAKARTA,KAB. KULON PROGO,Sentolo
DAERAH ISTIMEWA YOGYAKARTA,KAB. KULON PROGO,Pengasih
DAERAH ISTIMEWA YOGYAKARTA,KAB. KULON PROGO,Kokap
DAERAH ISTIMEWA YOGYAKARTA,KAB. KULON PROGO,Girimulyo
DAERAH ISTIMEWA YOGYAKARTA,KAB. KULON PROGO,Nanggulan
DAERAH ISTIMEWA YOGYAKARTA,KAB. KULON PROGO,Samigaluh
DAERAH ISTIMEWA YOGYAKARTA,KAB. KULON PROGO,Kalibawang
DAERAH ISTIMEWA YOGYAKARTA,KAB. BANTUL,Srandakan
DAERAH ISTIMEWA YOGYAKARTA,KAB. BANTUL,Sanden
DAERAH ISTIMEWA YOGYAKARTA,KAB. BANTUL,Kretek
DAERAH ISTIMEWA YOGYAKARTA,KAB. BANTUL,Pundong
DAERAH ISTIMEWA YOGYAKARTA,KAB. BANTUL,Bambanglipuro
DAERAH ISTIMEWA YOGYAKARTA,KAB. BANTUL,Pandak
DAERAH ISTIMEWA YOGYAKARTA,KAB. BANTUL,Pajangan
DAERAH ISTIMEWA YOGYAKARTA,KAB. BANTUL,Bantul
DAERAH ISTIMEWA YOGYAKARTA,KAB. BANTUL,Jetis
DAERAH ISTIMEWA YOGYAKARTA,KAB. BANTUL,Imogiri
DAERAH ISTIMEWA YOGYAKARTA,KAB. BANTUL,Dlingo
DAERAH ISTIMEWA YOGYAKARTA,KAB. BANTUL,Banguntapan
DAERAH ISTIMEWA YOGYAKARTA,KAB. BANTUL,Pleret
DAERAH ISTIMEWA YOGYAKARTA,KAB. BANTUL,Piyungan
DAERAH ISTIMEWA YOGYAKARTA,KAB. BANTUL,Sewon
DAERAH ISTIMEWA YOGYAKARTA,KAB. BANTUL,Kasihan
DAERAH ISTIMEWA YOGYAKARTA,KAB. BANTUL,Sedayu
DAERAH ISTIMEWA YOGYAKARTA,KAB. GUNUNGKIDUL,Wonosari
DAERAH ISTIMEWA YOGYAKARTA,KAB. GUNUNGKIDUL,Nglipar
DAERAH ISTIMEWA YOGYAKARTA,KAB. GUNUNGKIDUL,Playen
DAERAH ISTIMEWA YOGYAKARTA,KAB. GUNUNGKIDUL,Patuk
DAERAH ISTIMEWA YOGYAKARTA,KAB. GUNUNGKIDUL,Paliyan
DAERAH ISTIMEWA YOGYAKARTA,KAB. GUNUNGKIDUL,Panggang
DAERAH ISTIMEWA YOGYAKARTA,KAB. GUNUNGKIDUL,Tepus
DAERAH ISTIMEWA YOGYAKARTA,KAB. GUNUNGKIDUL,Semanu
DAERAH ISTIMEWA YOGYAKARTA,KAB. GUNUNGKIDUL,Karangmojo
DAERAH ISTIMEWA YOGYAKARTA,KAB. GUNUNGKIDUL,Ponjong
DAERAH ISTIMEWA YOGYAKARTA,KAB. GUNUNGKIDUL,Rongkop
DAERAH ISTIMEWA YOGYAKARTA,KAB. GUNUNGKIDUL,Semin
DAERAH ISTIMEWA YOGYAKARTA,KAB. GUNUNGKIDUL,Ngawen
DAERAH ISTIMEWA YOGYAKARTA,KAB. GUNUNGKIDUL,Gedangsari
DAERAH ISTIMEWA YOGYAKARTA,KAB. GUNUNGKIDUL,Saptosari
DAERAH ISTIMEWA YOGYAKARTA,KAB. GUNUNGKIDUL,Girisubo
DAERAH ISTIMEWA YOGYAKARTA,KAB. GUNUNGKIDUL,Tanjungsari
DAERAH ISTIMEWA YOGYAKARTA,KAB. GUNUNGKIDUL,Purwosari
DAERAH ISTIMEWA YOGYAKARTA,KAB. SLEMAN,Gamping
DAERAH ISTIMEWA YOGYAKARTA,KAB. SLEMAN,Godean
DAERAH ISTIMEWA YOGYAKARTA,KAB. SLEMAN,Moyudan
DAERAH ISTIMEWA YOGYAKARTA,KAB. SLEMAN,Minggir
DAERAH ISTIMEWA YOGYAKARTA,KAB. SLEMAN,Seyegan
DAERAH ISTIMEWA YOGYAKARTA,KAB. SLEMAN,Mlati
DAERAH ISTIMEWA YOGYAKARTA,KAB. SLEMAN,Depok
DAERAH ISTIMEWA YOGYAKARTA,KAB. SLEMAN,Berbah
DAERAH ISTIMEWA YOGYAKARTA,KAB. SLEMAN,Prambanan
DAERAH ISTIMEWA YOGYAKARTA,KAB. SLEMAN,Kalasan
DAERAH ISTIMEWA YOGYAKARTA,KAB. SLEMAN,Ngemplak
DAERAH ISTIMEWA YOGYAKARTA,KAB. SLEMAN,Ngaglik
DAERAH ISTIMEWA YOGYAKARTA,KAB. SLEMAN,Sleman
DAERAH ISTIMEWA YOGYAKARTA,KAB. SLEMAN,Tempel
DAERAH ISTIMEWA YOGYAKARTA,KAB. SLEMAN,Turi
DAERAH ISTIMEWA YOGYAKARTA,KAB. SLEMAN,Pakem
DAERAH ISTIMEWA YOGYAKARTA,KAB. SLEMAN,Cangkringan
DAERAH ISTIMEWA YOGYAKARTA,KOTA YOGYAKARTA,Tegalrejo
DAERAH ISTIMEWA YOGYAKARTA,KOTA YOGYAKARTA,Jetis
DAERAH ISTIMEWA YOGYAKARTA,KOTA YOGYAKARTA,Gondokusuman
DAERAH ISTIMEWA YOGYAKARTA,KOTA YOGYAKARTA,Danurejan
DAERAH ISTIMEWA YOGYAKARTA,KOTA YOGYAKARTA,Gedongtengen
DAERAH ISTIMEWA YOGYAKARTA,KOTA YOGYAKARTA,Ngampilan
DAERAH ISTIMEWA YOGYAKARTA,KOTA YOGYAKARTA,Wirobrajan
DAERAH ISTIMEWA YOGYAKARTA,KOTA YOGYAKARTA,Mantrijeron
DAERAH ISTIMEWA YOGYAKARTA,KOTA YOGYAKARTA,Kraton
DAERAH ISTIMEWA YOGYAKARTA,KOTA YOGYAKARTA,Gondomanan
DAERAH ISTIMEWA YOGYAKARTA,KOTA YOGYAKARTA,Pakualaman
DAERAH ISTIMEWA YOGYAKARTA,KOTA YOGYAKARTA,Mergangsan
DAERAH ISTIMEWA YOGYAKARTA,KOTA YOGYAKARTA,Umbulharjo
DAERAH ISTIMEWA YOGYAKARTA,KOTA YOGYAKARTA,Kotagede
JAWA TIMUR,KAB. PACITAN,Donorojo
JAWA TIMUR,KAB. PACITAN,Pringkuku
JAWA TIMUR,KAB. PACITAN,Punung
JAWA TIMUR,KAB. PACITAN,Pacitan
JAWA TIMUR,KAB. PACITAN,Kebonagung
JAWA TIMUR,KAB. PACITAN,Arjosari
JAWA TIMUR,KAB. PACITAN,Nawangan
JAWA TIMUR,KAB. PACITAN,Bandar
JAWA TIMUR,KAB. PACITAN,Tegalombo
JAWA TIMUR,KAB. PACITAN,Tulakan
JAWA TIMUR,KAB. PACITAN,Ngadirojo
JAWA TIMUR,KAB. PACITAN,Sudimoro
JAWA TIMUR,KAB. PONOROGO,Slahung
JAWA TIMUR,KAB. PONOROGO,Ngrayun
JAWA TIMUR,KAB. PONOROGO,Bungkal
JAWA TIMUR,KAB. PONOROGO,Sambit
JAWA TIMUR,KAB. PONOROGO,Sawoo
JAWA TIMUR,KAB. PONOROGO,Sooko
JAWA TIMUR,KAB. PONOROGO,Pulung
JAWA TIMUR,KAB. PONOROGO,Mlarak
JAWA TIMUR,KAB. PONOROGO,Jetis
JAWA TIMUR,KAB. PONOROGO,Siman
JAWA TIMUR,KAB. PONOROGO,Balong
JAWA TIMUR,KAB. PONOROGO,Kauman
JAWA TIMUR,KAB. PONOROGO,Badegan
JAWA TIMUR,KAB. PONOROGO,Sampung
JAWA TIMUR,KAB. PONOROGO,Sukorejo
JAWA TIMUR,KAB. PONOROGO,Babadan
JAWA TIMUR,KAB. PONOROGO,Ponorogo
JAWA TIMUR,KAB. PONOROGO,Jenangan
JAWA TIMUR,KAB. PONOROGO,Ngebel
JAWA TIMUR,KAB. PONOROGO,Jambon
JAWA TIMUR,KAB. PONOROGO,Pudak
JAWA TIMUR,KAB. TRENGGALEK,Panggul
JAWA TIMUR,KAB. TRENGGALEK,Munjungan
JAWA TIMUR,KAB. TRENGGALEK,Pule
JAWA TIMUR,KAB. TRENGGALEK,Dongko
JAWA TIMUR,KAB. TRENGGALEK,Tugu
JAWA TIMUR,KAB. TRENGGALEK,Karangan
JAWA TIMUR,KAB. TRENGGALEK,Kampak
JAWA TIMUR,KAB. TRENGGALEK,Watulimo
JAWA TIMUR,KAB. TRENGGALEK,Bendungan
JAWA TIMUR,KAB. TRENGGALEK,Gandusari
JAWA TIMUR,KAB. TRENGGALEK,Trenggalek
JAWA TIMUR,KAB. TRENGGALEK,Pogalan
JAWA TIMUR,KAB. TRENGGALEK,Durenan
JAWA TIMUR,KAB. TRENGGALEK,Suruh
JAWA TIMUR,KAB. TULUNGAGUNG,Tulungagung
JAWA TIMUR,KAB. TULUNGAGUNG,Boyolangu
JAWA TIMUR,KAB. TULUNGAGUNG,Kedungwaru
JAWA TIMUR,KAB. TULUNGAGUNG,Ngantru
JAWA TIMUR,KAB. TULUNGAGUNG,Kauman
JAWA TIMUR,KAB. TULUNGAGUNG,Pagerwojo
JAWA TIMUR,KAB. TULUNGAGUNG,Sendang
JAWA TIMUR,KAB. TULUNGAGUNG,Karangrejo
JAWA TIMUR,KAB. TULUNGAGUNG,Gondang
JAWA TIMUR,KAB. TULUNGAGUNG,Sumbergempol
JAWA TIMUR,KAB. TULUNGAGUNG,Ngunut
JAWA TIMUR,KAB. TULUNGAGUNG,Pucanglaban
JAWA TIMUR,KAB. TULUNGAGUNG,Rejotangan
JAWA TIMUR,KAB. TULUNGAGUNG,Kalidawir
JAWA TIMUR,KAB. TULUNGAGUNG,Besuki
JAWA TIMUR,KAB. TULUNGAGUNG,Campurdarat
JAWA TIMUR,KAB. TULUNGAGUNG,Bandung
JAWA TIMUR,KAB. TULUNGAGUNG,Pakel
JAWA TIMUR,KAB. TULUNGAGUNG,Tanggunggunung
JAWA TIMUR,KAB. BLITAR,Wonodadi
JAWA TIMUR,KAB. BLITAR,Udanawu
JAWA TIMUR,KAB. BLITAR,Srengat
JAWA TIMUR,KAB. BLITAR,Kademangan
JAWA TIMUR,KAB. BLITAR,Bakung
JAWA TIMUR,KAB. BLITAR,Ponggok
JAWA TIMUR,KAB. BLITAR,Sanankulon
JAWA TIMUR,KAB. BLITAR,Wonotirto
JAWA TIMUR,KAB. BLITAR,Nglegok
JAWA TIMUR,KAB. BLITAR,Kanigoro
JAWA TIMUR,KAB. BLITAR,Garum
JAWA TIMUR,KAB. BLITAR,Sutojayan
JAWA TIMUR,KAB. BLITAR,Panggungrejo
JAWA TIMUR,KAB. BLITAR,Talun
JAWA TIMUR,KAB. BLITAR,Gandusari
JAWA TIMUR,KAB. BLITAR,Binangun
JAWA TIMUR,KAB. BLITAR,Wlingi
JAWA TIMUR,KAB. BLITAR,Doko
JAWA TIMUR,KAB. BLITAR,Kesamben
JAWA TIMUR,KAB. BLITAR,Wates
JAWA TIMUR,KAB. BLITAR,Selorejo
JAWA TIMUR,KAB. BLITAR,Selopuro
JAWA TIMUR,KAB. KEDIRI,Semen
JAWA TIMUR,KAB. KEDIRI,Mojo
JAWA TIMUR,KAB. KEDIRI,Kras
JAWA TIMUR,KAB. KEDIRI,Ngadiluwih
JAWA TIMUR,KAB. KEDIRI,Kandat
JAWA TIMUR,KAB. KEDIRI,Wates
JAWA TIMUR,KAB. KEDIRI,Ngancar
JAWA TIMUR,KAB. KEDIRI,Puncu
JAWA TIMUR,KAB. KEDIRI,Plosoklaten
JAWA TIMUR,KAB. KEDIRI,Gurah
JAWA TIMUR,KAB. KEDIRI,Pagu
JAWA TIMUR,KAB. KEDIRI,Gampengrejo
JAWA TIMUR,KAB. KEDIRI,Grogol
JAWA TIMUR,KAB. KEDIRI,Papar
JAWA TIMUR,KAB. KEDIRI,Purwoasri
JAWA TIMUR,KAB. KEDIRI,Plemahan
JAWA TIMUR,KAB. KEDIRI,Pare
JAWA TIMUR,KAB. KEDIRI,Kepung
JAWA TIMUR,KAB. KEDIRI,Kandangan
JAWA TIMUR,KAB. KEDIRI,Tarokan
JAWA TIMUR,KAB. KEDIRI,Kunjang
JAWA TIMUR,KAB. KEDIRI,Banyakan
JAWA TIMUR,KAB. KEDIRI,Ringinrejo
JAWA TIMUR,KAB. KEDIRI,Kayen Kidul
JAWA TIMUR,KAB. KEDIRI,Ngasem
JAWA TIMUR,KAB. KEDIRI,Badas
JAWA TIMUR,KAB. MALANG,Donomulyo
JAWA TIMUR,KAB. MALANG,Pagak
JAWA TIMUR,KAB. MALANG,Bantur
JAWA TIMUR,KAB. MALANG,Sumbermanjing Wetan
JAWA TIMUR,KAB. MALANG,Dampit
JAWA TIMUR,KAB. MALANG,Ampelgading
JAWA TIMUR,KAB. MALANG,Poncokusumo
JAWA TIMUR,KAB. MALANG,Wajak
JAWA TIMUR,KAB. MALANG,Turen
JAWA TIMUR,KAB. MALANG,Gondanglegi
JAWA TIMUR,KAB. MALANG,Kalipare
JAWA TIMUR,KAB. MALANG,Sumberpucung
JAWA TIMUR,KAB. MALANG,Kepanjen
JAWA TIMUR,KAB. MALANG,Bululawang
JAWA TIMUR,KAB. MALANG,Tajinan
JAWA TIMUR,KAB. MALANG,Tumpang
JAWA TIMUR,KAB. MALANG,Jabung
JAWA TIMUR,KAB. MALANG,Pakis
JAWA TIMUR,KAB. MALANG,Pakisaji
JAWA TIMUR,KAB. MALANG,Ngajum
JAWA TIMUR,KAB. MALANG,Wagir
JAWA TIMUR,KAB. MALANG,Dau
JAWA TIMUR,KAB. MALANG,Karang Ploso
JAWA TIMUR,KAB. MALANG,Singosari
JAWA TIMUR,KAB. MALANG,Lawang
JAWA TIMUR,KAB. MALANG,Pujon
JAWA TIMUR,KAB. MALANG,Ngantang
JAWA TIMUR,KAB. MALANG,Kasembon
JAWA TIMUR,KAB. MALANG,Gedangan
JAWA TIMUR,KAB. MALANG,Tirtoyudo
JAWA TIMUR,KAB. MALANG,Kromengan
JAWA TIMUR,KAB. MALANG,Wonosari
JAWA TIMUR,KAB. MALANG,Pagelaran
JAWA TIMUR,KAB. LUMAJANG,Tempursari
JAWA TIMUR,KAB. LUMAJANG,Pronojiwo
JAWA TIMUR,KAB. LUMAJANG,Candipuro
JAWA TIMUR,KAB. LUMAJANG,Pasirian
JAWA TIMUR,KAB. LUMAJANG,Tempeh
JAWA TIMUR,KAB. LUMAJANG,Kunir
JAWA TIMUR,KAB. LUMAJANG,Yosowilangun
JAWA TIMUR,KAB. LUMAJANG,Rowokangkung
JAWA TIMUR,KAB. LUMAJANG,Tekung
JAWA TIMUR,KAB. LUMAJANG,Lumajang
JAWA TIMUR,KAB. LUMAJANG,Pasrujambe
JAWA TIMUR,KAB. LUMAJANG,Senduro
JAWA TIMUR,KAB. LUMAJANG,Gucialit
JAWA TIMUR,KAB. LUMAJANG,Padang
JAWA TIMUR,KAB. LUMAJANG,Sukodono
JAWA TIMUR,KAB. LUMAJANG,Kedungjajang
JAWA TIMUR,KAB. LUMAJANG,Jatiroto
JAWA TIMUR,KAB. LUMAJANG,Randuagung
JAWA TIMUR,KAB. LUMAJANG,Klakah
JAWA TIMUR,KAB. LUMAJANG,Ranuyoso
JAWA TIMUR,KAB. LUMAJANG,Sumbersuko
JAWA TIMUR,KAB. JEMBER,Jombang
JAWA TIMUR,KAB. JEMBER,Kencong
JAWA TIMUR,KAB. JEMBER,Sumberbaru
JAWA TIMUR,KAB. JEMBER,Gumukmas
JAWA TIMUR,KAB. JEMBER,Umbulsari
JAWA TIMUR,KAB. JEMBER,Tanggul
JAWA TIMUR,KAB. JEMBER,Semboro
JAWA TIMUR,KAB. JEMBER,Puger
JAWA TIMUR,KAB. JEMBER,Bangsalsari
JAWA TIMUR,KAB. JEMBER,Balung
JAWA TIMUR,KAB. JEMBER,Wuluhan
JAWA TIMUR,KAB. JEMBER,Ambulu
JAWA TIMUR,KAB. JEMBER,Rambipuji
JAWA TIMUR,KAB. JEMBER,Panti
JAWA TIMUR,KAB. JEMBER,Sukorambi
JAWA TIMUR,KAB. JEMBER,Jenggawah
JAWA TIMUR,KAB. JEMBER,Ajung
JAWA TIMUR,KAB. JEMBER,Tempurejo
JAWA TIMUR,KAB. JEMBER,Kaliwates
JAWA TIMUR,KAB. JEMBER,Patrang
JAWA TIMUR,KAB. JEMBER,Sumbersari
JAWA TIMUR,KAB. JEMBER,Arjasa
JAWA TIMUR,KAB. JEMBER,Mumbulsari
JAWA TIMUR,KAB. JEMBER,Pakusari
JAWA TIMUR,KAB. JEMBER,Jelbuk
JAWA TIMUR,KAB. JEMBER,Mayang
JAWA TIMUR,KAB. JEMBER,Kalisat
JAWA TIMUR,KAB. JEMBER,Ledokombo
JAWA TIMUR,KAB. JEMBER,Sukowono
JAWA TIMUR,KAB. JEMBER,Silo
JAWA TIMUR,KAB. JEMBER,Sumberjambe
JAWA TIMUR,KAB. BANYUWANGI,Pesanggaran
JAWA TIMUR,KAB. BANYUWANGI,Bangorejo
JAWA TIMUR,KAB. BANYUWANGI,Purwoharjo
JAWA TIMUR,KAB. BANYUWANGI,Tegaldlimo
JAWA TIMUR,KAB. BANYUWANGI,Muncar
JAWA TIMUR,KAB. BANYUWANGI,Cluring
JAWA TIMUR,KAB. BANYUWANGI,Gambiran
JAWA TIMUR,KAB. BANYUWANGI,Srono
JAWA TIMUR,KAB. BANYUWANGI,Genteng
JAWA TIMUR,KAB. BANYUWANGI,Glenmore
JAWA TIMUR,KAB. BANYUWANGI,Kalibaru
JAWA TIMUR,KAB. BANYUWANGI,Singojuruh
JAWA TIMUR,KAB. BANYUWANGI,Rogojampi
JAWA TIMUR,KAB. BANYUWANGI,Kabat
JAWA TIMUR,KAB. BANYUWANGI,Glagah
JAWA TIMUR,KAB. BANYUWANGI,Banyuwangi
JAWA TIMUR,KAB. BANYUWANGI,Giri
JAWA TIMUR,KAB. BANYUWANGI,Wongsorejo
JAWA TIMUR,KAB. BANYUWANGI,Songgon
JAWA TIMUR,KAB. BANYUWANGI,Sempu
JAWA TIMUR,KAB. BANYUWANGI,Kalipuro
JAWA TIMUR,KAB. BANYUWANGI,Siliragung
JAWA TIMUR,KAB. BANYUWANGI,Tegalsari
JAWA TIMUR,KAB. BANYUWANGI,Licin
JAWA TIMUR,KAB. BANYUWANGI,Blimbingsari
JAWA TIMUR,KAB. BONDOWOSO,Maesan
JAWA TIMUR,KAB. BONDOWOSO,Tamanan
JAWA TIMUR,KAB. BONDOWOSO,Tlogosari
JAWA TIMUR,KAB. BONDOWOSO,Sukosari
JAWA TIMUR,KAB. BONDOWOSO,Pujer
JAWA TIMUR,KAB. BONDOWOSO,Grujugan
JAWA TIMUR,KAB. BONDOWOSO,Curahdami
JAWA TIMUR,KAB. BONDOWOSO,Tenggarang
JAWA TIMUR,KAB. BONDOWOSO,Wonosari
JAWA TIMUR,KAB. BONDOWOSO,Tapen
JAWA TIMUR,KAB. BONDOWOSO,Bondowoso
JAWA TIMUR,KAB. BONDOWOSO,Wringin
JAWA TIMUR,KAB. BONDOWOSO,Tegalampel
JAWA TIMUR,KAB. BONDOWOSO,Klabang
JAWA TIMUR,KAB. BONDOWOSO,Cermee
JAWA TIMUR,KAB. BONDOWOSO,Prajekan
JAWA TIMUR,KAB. BONDOWOSO,Pakem
JAWA TIMUR,KAB. BONDOWOSO,Sumberwringin
JAWA TIMUR,KAB. BONDOWOSO,Sempol
JAWA TIMUR,KAB. BONDOWOSO,Binakal
JAWA TIMUR,KAB. BONDOWOSO,Taman Krocok
JAWA TIMUR,KAB. BONDOWOSO,Botolinggo
JAWA TIMUR,KAB. BONDOWOSO,Jambesari Darus Sholah
JAWA TIMUR,KAB. SITUBONDO,Jatibanteng
JAWA TIMUR,KAB. SITUBONDO,Besuki
JAWA TIMUR,KAB. SITUBONDO,Suboh
JAWA TIMUR,KAB. SITUBONDO,Mlandingan
JAWA TIMUR,KAB. SITUBONDO,Kendit
JAWA TIMUR,KAB. SITUBONDO,Panarukan
JAWA TIMUR,KAB. SITUBONDO,Situbondo
JAWA TIMUR,KAB. SITUBONDO,Panji
JAWA TIMUR,KAB. SITUBONDO,Mangaran
JAWA TIMUR,KAB. SITUBONDO,Kapongan
JAWA TIMUR,KAB. SITUBONDO,Arjasa
JAWA TIMUR,KAB. SITUBONDO,Jangkar
JAWA TIMUR,KAB. SITUBONDO,Asembagus
JAWA TIMUR,KAB. SITUBONDO,Banyuputih
JAWA TIMUR,KAB. SITUBONDO,Sumbermalang
JAWA TIMUR,KAB. SITUBONDO,Banyuglugur
JAWA TIMUR,KAB. SITUBONDO,Bungatan
JAWA TIMUR,KAB. PROBOLINGGO,Sukapura
JAWA TIMUR,KAB. PROBOLINGGO,Sumber
JAWA TIMUR,KAB. PROBOLINGGO,Kuripan
JAWA TIMUR,KAB. PROBOLINGGO,Bantaran
JAWA TIMUR,KAB. PROBOLINGGO,Leces
JAWA TIMUR,KAB. PROBOLINGGO,Banyuanyar
JAWA TIMUR,KAB. PROBOLINGGO,Tiris
JAWA TIMUR,KAB. PROBOLINGGO,Krucil
JAWA TIMUR,KAB. PROBOLINGGO,Gading
JAWA TIMUR,KAB. PROBOLINGGO,Pakuniran
JAWA TIMUR,KAB. PROBOLINGGO,Kotaanyar
JAWA TIMUR,KAB. PROBOLINGGO,Paiton
JAWA TIMUR,KAB. PROBOLINGGO,Besuk
JAWA TIMUR,KAB. PROBOLINGGO,Kraksaan
JAWA TIMUR,KAB. PROBOLINGGO,Krejengan
JAWA TIMUR,KAB. PROBOLINGGO,Pejarakan
JAWA TIMUR,KAB. PROBOLINGGO,Maron
JAWA TIMUR,KAB. PROBOLINGGO,Gending
JAWA TIMUR,KAB. PROBOLINGGO,Dringu
JAWA TIMUR,KAB. PROBOLINGGO,Tegalsiwalan
JAWA TIMUR,KAB. PROBOLINGGO,Sumberasih
JAWA TIMUR,KAB. PROBOLINGGO,Wonomerto
JAWA TIMUR,KAB. PROBOLINGGO,Tongas
JAWA TIMUR,KAB. PROBOLINGGO,Lumbang
JAWA TIMUR,KAB. PASURUAN,Purwodadi
JAWA TIMUR,KAB. PASURUAN,Tutur
JAWA TIMUR,KAB. PASURUAN,Puspo
JAWA TIMUR,KAB. PASURUAN,Lumbang
JAWA TIMUR,KAB. PASURUAN,Pasrepan
JAWA TIMUR,KAB. PASURUAN,Kejayan
JAWA TIMUR,KAB. PASURUAN,Wonorejo
JAWA TIMUR,KAB. PASURUAN,Purwosari
JAWA TIMUR,KAB. PASURUAN,Sukorejo
JAWA TIMUR,KAB. PASURUAN,Prigen
JAWA TIMUR,KAB. PASURUAN,Pandaan
JAWA TIMUR,KAB. PASURUAN,Gempol
JAWA TIMUR,KAB. PASURUAN,Beji
JAWA TIMUR,KAB. PASURUAN,Bangil
JAWA TIMUR,KAB. PASURUAN,Rembang
JAWA TIMUR,KAB. PASURUAN,Kraton
JAWA TIMUR,KAB. PASURUAN,Pohjentrek
JAWA TIMUR,KAB. PASURUAN,Gondangwetan
JAWA TIMUR,KAB. PASURUAN,Winongan
JAWA TIMUR,KAB. PASURUAN,Grati
JAWA TIMUR,KAB. PASURUAN,Nguling
JAWA TIMUR,KAB. PASURUAN,Lekok
JAWA TIMUR,KAB. PASURUAN,Rejoso
JAWA TIMUR,KAB. PASURUAN,Tosari
JAWA TIMUR,KAB. SIDOARJO,Tarik
JAWA TIMUR,KAB. SIDOARJO,Prambon
JAWA TIMUR,KAB. SIDOARJO,Krembung
JAWA TIMUR,KAB. SIDOARJO,Porong
JAWA TIMUR,KAB. SIDOARJO,Jabon
JAWA TIMUR,KAB. SIDOARJO,Tanggulangin
JAWA TIMUR,KAB. SIDOARJO,Candi
JAWA TIMUR,KAB. SIDOARJO,Sidoarjo
JAWA TIMUR,KAB. SIDOARJO,Tulangan
JAWA TIMUR,KAB. SIDOARJO,Wonoayu
JAWA TIMUR,KAB. SIDOARJO,Krian
JAWA TIMUR,KAB. SIDOARJO,Balongbendo
JAWA TIMUR,KAB. SIDOARJO,Taman
JAWA TIMUR,KAB. SIDOARJO,Sukodono
JAWA TIMUR,KAB. SIDOARJO,Buduran
JAWA TIMUR,KAB. SIDOARJO,Gedangan
JAWA TIMUR,KAB. SIDOARJO,Sedati
JAWA TIMUR,KAB. SIDOARJO,Waru
JAWA TIMUR,KAB. MOJOKERTO,Jatirejo
JAWA TIMUR,KAB. MOJOKERTO,Gondang
JAWA TIMUR,KAB. MOJOKERTO,Pacet
JAWA TIMUR,KAB. MOJOKERTO,Trawas
JAWA TIMUR,KAB. MOJOKERTO,Ngoro
JAWA TIMUR,KAB. MOJOKERTO,Pungging
JAWA TIMUR,KAB. MOJOKERTO,Kutorejo
JAWA TIMUR,KAB. MOJOKERTO,Mojosari
JAWA TIMUR,KAB. MOJOKERTO,Dlanggu
JAWA TIMUR,KAB. MOJOKERTO,Bangsal
JAWA TIMUR,KAB. MOJOKERTO,Puri
JAWA TIMUR,KAB. MOJOKERTO,Trowulan
JAWA TIMUR,KAB. MOJOKERTO,Sooko
JAWA TIMUR,KAB. MOJOKERTO,Gedeg
JAWA TIMUR,KAB. MOJOKERTO,Kemlagi
JAWA TIMUR,KAB. MOJOKERTO,Jetis
JAWA TIMUR,KAB. MOJOKERTO,Dawarblandong
JAWA TIMUR,KAB. MOJOKERTO,Mojoanyar
JAWA TIMUR,KAB. JOMBANG,Perak
JAWA TIMUR,KAB. JOMBANG,Gudo
JAWA TIMUR,KAB. JOMBANG,Ngoro
JAWA TIMUR,KAB. JOMBANG,Bareng
JAWA TIMUR,KAB. JOMBANG,Wonosalam
JAWA TIMUR,KAB. JOMBANG,Mojoagung
JAWA TIMUR,KAB. JOMBANG,Mojowarno
JAWA TIMUR,KAB. JOMBANG,Diwek
JAWA TIMUR,KAB. JOMBANG,Jombang
JAWA TIMUR,KAB. JOMBANG,Peterongan
JAWA TIMUR,KAB. JOMBANG,Sumobito
JAWA TIMUR,KAB. JOMBANG,Kesamben
JAWA TIMUR,KAB. JOMBANG,Tembelang
JAWA TIMUR,KAB. JOMBANG,Ploso
JAWA TIMUR,KAB. JOMBANG,Plandaan
JAWA TIMUR,KAB. JOMBANG,Kabuh
JAWA TIMUR,KAB. JOMBANG,Kudu
JAWA TIMUR,KAB. JOMBANG,Bandarkedungmulyo
JAWA TIMUR,KAB. JOMBANG,Jogoroto
JAWA TIMUR,KAB. JOMBANG,Megaluh
JAWA TIMUR,KAB. JOMBANG,Ngusikan
JAWA TIMUR,KAB. NGANJUK,Sawahan
JAWA TIMUR,KAB. NGANJUK,Ngetos
JAWA TIMUR,KAB. NGANJUK,Berbek
JAWA TIMUR,KAB. NGANJUK,Loceret
JAWA TIMUR,KAB. NGANJUK,Pace
JAWA TIMUR,KAB. NGANJUK,Prambon
JAWA TIMUR,KAB. NGANJUK,Ngronggot
JAWA TIMUR,KAB. NGANJUK,Kertosono
JAWA TIMUR,KAB. NGANJUK,Patianrowo
JAWA TIMUR,KAB. NGANJUK,Baron
JAWA TIMUR,KAB. NGANJUK,Tanjunganom
JAWA TIMUR,KAB. NGANJUK,Sukomoro
JAWA TIMUR,KAB. NGANJUK,Nganjuk
JAWA TIMUR,KAB. NGANJUK,Bagor
JAWA TIMUR,KAB. NGANJUK,Wilangan
JAWA TIMUR,KAB. NGANJUK,Rejoso
JAWA TIMUR,KAB. NGANJUK,Gondang
JAWA TIMUR,KAB. NGANJUK,Ngluyu
JAWA TIMUR,KAB. NGANJUK,Lengkong
JAWA TIMUR,KAB. NGANJUK,Jatikalen
JAWA TIMUR,KAB. MADIUN,Kebonsari
JAWA TIMUR,KAB. MADIUN,Dolopo
JAWA TIMUR,KAB. MADIUN,Geger
JAWA TIMUR,KAB. MADIUN,Dagangan
JAWA TIMUR,KAB. MADIUN,Kare
JAWA TIMUR,KAB. MADIUN,Gemarang
JAWA TIMUR,KAB. MADIUN,Wungu
JAWA TIMUR,KAB. MADIUN,Madiun
JAWA TIMUR,KAB. MADIUN,Jiwan
JAWA TIMUR,KAB. MADIUN,Balerejo
JAWA TIMUR,KAB. MADIUN,Mejayan
JAWA TIMUR,KAB. MADIUN,Saradan
JAWA TIMUR,KAB. MADIUN,Pilangkenceng
JAWA TIMUR,KAB. MADIUN,Sawahan
JAWA TIMUR,KAB. MADIUN,Wonoasri
JAWA TIMUR,KAB. MAGETAN,Poncol
JAWA TIMUR,KAB. MAGETAN,Parang
JAWA TIMUR,KAB. MAGETAN,Lembeyan
JAWA TIMUR,KAB. MAGETAN,Takeran
JAWA TIMUR,KAB. MAGETAN,Kawedanan
JAWA TIMUR,KAB. MAGETAN,Magetan
JAWA TIMUR,KAB. MAGETAN,Plaosan
JAWA TIMUR,KAB. MAGETAN,Panekan
JAWA TIMUR,KAB. MAGETAN,Sukomoro
JAWA TIMUR,KAB. MAGETAN,Bendo
JAWA TIMUR,KAB. MAGETAN,Maospati
JAWA TIMUR,KAB. MAGETAN,Barat
JAWA TIMUR,KAB. MAGETAN,Karangrejo
JAWA TIMUR,KAB. MAGETAN,Karas
JAWA TIMUR,KAB. MAGETAN,Kartoharjo
JAWA TIMUR,KAB. MAGETAN,Ngariboyo
JAWA TIMUR,KAB. MAGETAN,Nguntoronadi
JAWA TIMUR,KAB. MAGETAN,Sidorejo
JAWA TIMUR,KAB. NGAWI,Sine
JAWA TIMUR,KAB. NGAWI,Ngrambe
JAWA TIMUR,KAB. NGAWI,Jogorogo
JAWA TIMUR,KAB. NGAWI,Kendal
JAWA TIMUR,KAB. NGAWI,Geneng
JAWA TIMUR,KAB. NGAWI,Kwadungan
JAWA TIMUR,KAB. NGAWI,Karangjati
JAWA TIMUR,KAB. NGAWI,Padas
JAWA TIMUR,KAB. NGAWI,Ngawi
JAWA TIMUR,KAB. NGAWI,Paron
JAWA TIMUR,KAB. NGAWI,Kedunggalar
JAWA TIMUR,KAB. NGAWI,Widodaren
JAWA TIMUR,KAB. NGAWI,Mantingan
JAWA TIMUR,KAB. NGAWI,Pangkur
JAWA TIMUR,KAB. NGAWI,Bringin
JAWA TIMUR,KAB. NGAWI,Pitu
JAWA TIMUR,KAB. NGAWI,Karanganyar
JAWA TIMUR,KAB. NGAWI,Gerih
JAWA TIMUR,KAB. NGAWI,Kasreman
JAWA TIMUR,KAB. BOJONEGORO,Ngraho
JAWA TIMUR,KAB. BOJONEGORO,Tambakrejo
JAWA TIMUR,KAB. BOJONEGORO,Ngambon
JAWA TIMUR,KAB. BOJONEGORO,Ngasem
JAWA TIMUR,KAB. BOJONEGORO,Bubulan
JAWA TIMUR,KAB. BOJONEGORO,Dander
JAWA TIMUR,KAB. BOJONEGORO,Sugihwaras
JAWA TIMUR,KAB. BOJONEGORO,Kedungadem
JAWA TIMUR,KAB. BOJONEGORO,Kepohbaru
JAWA TIMUR,KAB. BOJONEGORO,Baureno
JAWA TIMUR,KAB. BOJONEGORO,Kanor
JAWA TIMUR,KAB. BOJONEGORO,Sumberejo
JAWA TIMUR,KAB. BOJONEGORO,Balen
JAWA TIMUR,KAB. BOJONEGORO,Kapas
JAWA TIMUR,KAB. BOJONEGORO,Bojonegoro
JAWA TIMUR,KAB. BOJONEGORO,Kalitidu
JAWA TIMUR,KAB. BOJONEGORO,Malo
JAWA TIMUR,KAB. BOJONEGORO,Purwosari
JAWA TIMUR,KAB. BOJONEGORO,Padangan
JAWA TIMUR,KAB. BOJONEGORO,Kasiman
JAWA TIMUR,KAB. BOJONEGORO,Temayang
JAWA TIMUR,KAB. BOJONEGORO,Margomulyo
JAWA TIMUR,KAB. BOJONEGORO,Trucuk
JAWA TIMUR,KAB. BOJONEGORO,Sukosewu
JAWA TIMUR,KAB. BOJONEGORO,Kedewan
JAWA TIMUR,KAB. BOJONEGORO,Gondang
JAWA TIMUR,KAB. BOJONEGORO,Sekar
JAWA TIMUR,KAB. BOJONEGORO,Gayam
JAWA TIMUR,KAB. TUBAN,Kenduruan
JAWA TIMUR,KAB. TUBAN,Jatirogo
JAWA TIMUR,KAB. TUBAN,Bangilan
JAWA TIMUR,KAB. TUBAN,Bancar
JAWA TIMUR,KAB. TUBAN,Senori
JAWA TIMUR,KAB. TUBAN,Tambakboyo
JAWA TIMUR,KAB. TUBAN,Singgahan
JAWA TIMUR,KAB. TUBAN,Kerek
JAWA TIMUR,KAB. TUBAN,Parengan
JAWA TIMUR,KAB. TUBAN,Montong
JAWA TIMUR,KAB. TUBAN,Soko
JAWA TIMUR,KAB. TUBAN,Jenu
JAWA TIMUR,KAB. TUBAN,Merakurak
JAWA TIMUR,KAB. TUBAN,Rengel
JAWA TIMUR,KAB. TUBAN,Semanding
JAWA TIMUR,KAB. TUBAN,Tuban
JAWA TIMUR,KAB. TUBAN,Plumpang
JAWA TIMUR,KAB. TUBAN,Palang
JAWA TIMUR,KAB. TUBAN,Widang
JAWA TIMUR,KAB. TUBAN,Grabagan
JAWA TIMUR,KAB. LAMONGAN,Sukorame
JAWA TIMUR,KAB. LAMONGAN,Bluluk
JAWA TIMUR,KAB. LAMONGAN,Modo
JAWA TIMUR,KAB. LAMONGAN,Ngimbang
JAWA TIMUR,KAB. LAMONGAN,Babat
JAWA TIMUR,KAB. LAMONGAN,Kedungpring
JAWA TIMUR,KAB. LAMONGAN,Brondong
JAWA TIMUR,KAB. LAMONGAN,Laren
JAWA TIMUR,KAB. LAMONGAN,Sekaran
JAWA TIMUR,KAB. LAMONGAN,Maduran
JAWA TIMUR,KAB. LAMONGAN,Sambeng
JAWA TIMUR,KAB. LAMONGAN,Sugio
JAWA TIMUR,KAB. LAMONGAN,Pucuk
JAWA TIMUR,KAB. LAMONGAN,Paciran
JAWA TIMUR,KAB. LAMONGAN,Solokuro
JAWA TIMUR,KAB. LAMONGAN,Mantup
JAWA TIMUR,KAB. LAMONGAN,Sukodadi
JAWA TIMUR,KAB. LAMONGAN,Karanggeneng
JAWA TIMUR,KAB. LAMONGAN,Kembangbahu
JAWA TIMUR,KAB. LAMONGAN,Kalitengah
JAWA TIMUR,KAB. LAMONGAN,Turi
JAWA TIMUR,KAB. LAMONGAN,Lamongan
JAWA TIMUR,KAB. LAMONGAN,Tikung
JAWA TIMUR,KAB. LAMONGAN,Karangbinangun
JAWA TIMUR,KAB. LAMONGAN,Deket
JAWA TIMUR,KAB. LAMONGAN,Glagah
JAWA TIMUR,KAB. LAMONGAN,Sarirejo
JAWA TIMUR,KAB. GRESIK,Dukun
JAWA TIMUR,KAB. GRESIK,Balongpanggang
JAWA TIMUR,KAB. GRESIK,Panceng
JAWA TIMUR,KAB. GRESIK,Benjeng
JAWA TIMUR,KAB. GRESIK,Duduksampeyan
JAWA TIMUR,KAB. GRESIK,Wringinanom
JAWA TIMUR,KAB. GRESIK,Ujungpangkah
JAWA TIMUR,KAB. GRESIK,Kedamean
JAWA TIMUR,KAB. GRESIK,Sidayu
JAWA TIMUR,KAB. GRESIK,Manyar
JAWA TIMUR,KAB. GRESIK,Cerme
JAWA TIMUR,KAB. GRESIK,Bungah
JAWA TIMUR,KAB. GRESIK,Menganti
JAWA TIMUR,KAB. GRESIK,Kebomas
JAWA TIMUR,KAB. GRESIK,Driyorejo
JAWA TIMUR,KAB. GRESIK,Gresik
JAWA TIMUR,KAB. GRESIK,Sangkapura
JAWA TIMUR,KAB. GRESIK,Tambak
JAWA TIMUR,KAB. BANGKALAN,Bangkalan
JAWA TIMUR,KAB. BANGKALAN,Socah
JAWA TIMUR,KAB. BANGKALAN,Burneh
JAWA TIMUR,KAB. BANGKALAN,Kamal
JAWA TIMUR,KAB. BANGKALAN,Arosbaya
JAWA TIMUR,KAB. BANGKALAN,Geger
JAWA TIMUR,KAB. BANGKALAN,Klampis
JAWA TIMUR,KAB. BANGKALAN,Sepulu
JAWA TIMUR,KAB. BANGKALAN,Tanjung Bumi
JAWA TIMUR,KAB. BANGKALAN,Kokop
JAWA TIMUR,KAB. BANGKALAN,Kwanyar
JAWA TIMUR,KAB. BANGKALAN,Labang
JAWA TIMUR,KAB. BANGKALAN,Tanah Merah
JAWA TIMUR,KAB. BANGKALAN,Tragah
JAWA TIMUR,KAB. BANGKALAN,Blega
JAWA TIMUR,KAB. BANGKALAN,Modung
JAWA TIMUR,KAB. BANGKALAN,Konang
JAWA TIMUR,KAB. BANGKALAN,Galis
JAWA TIMUR,KAB. SAMPANG,Sreseh
JAWA TIMUR,KAB. SAMPANG,Torjun
JAWA TIMUR,KAB. SAMPANG,Sampang
JAWA TIMUR,KAB. SAMPANG,Camplong
JAWA TIMUR,KAB. SAMPANG,Omben
JAWA TIMUR,KAB. SAMPANG,Kedungdung
JAWA TIMUR,KAB. SAMPANG,Jrengik
JAWA TIMUR,KAB. SAMPANG,Tambelangan
JAWA TIMUR,KAB. SAMPANG,Banyuates
JAWA TIMUR,KAB. SAMPANG,Robatal
JAWA TIMUR,KAB. SAMPANG,Sokobanah
JAWA TIMUR,KAB. SAMPANG,Ketapang
JAWA TIMUR,KAB. SAMPANG,Pangarengan
JAWA TIMUR,KAB. SAMPANG,Karangpenang
JAWA TIMUR,KAB. PAMEKASAN,Tlanakan
JAWA TIMUR,KAB. PAMEKASAN,Pademawu
JAWA TIMUR,KAB. PAMEKASAN,Galis
JAWA TIMUR,KAB. PAMEKASAN,Pamekasan
JAWA TIMUR,KAB. PAMEKASAN,Proppo
JAWA TIMUR,KAB. PAMEKASAN,Palenggaan
JAWA TIMUR,KAB. PAMEKASAN,Pegantenan
JAWA TIMUR,KAB. PAMEKASAN,Larangan
JAWA TIMUR,KAB. PAMEKASAN,Pakong
JAWA TIMUR,KAB. PAMEKASAN,Waru
JAWA TIMUR,KAB. PAMEKASAN,Batumarmar
JAWA TIMUR,KAB. PAMEKASAN,Kadur
JAWA TIMUR,KAB. PAMEKASAN,Pasean
JAWA TIMUR,KAB. SUMENEP,Kota Sumenep
JAWA TIMUR,KAB. SUMENEP,Kalianget
JAWA TIMUR,KAB. SUMENEP,Manding
JAWA TIMUR,KAB. SUMENEP,Talango
JAWA TIMUR,KAB. SUMENEP,Bluto
JAWA TIMUR,KAB. SUMENEP,Saronggi
JAWA TIMUR,KAB. SUMENEP,Lenteng
JAWA TIMUR,KAB. SUMENEP,Giliginting
JAWA TIMUR,KAB. SUMENEP,Guluk-Guluk
JAWA TIMUR,KAB. SUMENEP,Ganding
JAWA TIMUR,KAB. SUMENEP,Pragaan
JAWA TIMUR,KAB. SUMENEP,Ambunten
JAWA TIMUR,KAB. SUMENEP,Pasongsongan
JAWA TIMUR,KAB. SUMENEP,Dasuk
JAWA TIMUR,KAB. SUMENEP,Rubaru
JAWA TIMUR,KAB. SUMENEP,Batang Batang
JAWA TIMUR,KAB. SUMENEP,Batuputih
JAWA TIMUR,KAB. SUMENEP,Dungkek
JAWA TIMUR,KAB. SUMENEP,Gapura
JAWA TIMUR,KAB. SUMENEP,Gayam
JAWA TIMUR,KAB. SUMENEP,Nonggunong
JAWA TIMUR,KAB. SUMENEP,Raas
JAWA TIMUR,KAB. SUMENEP,Masalembu
JAWA TIMUR,KAB. SUMENEP,Arjasa
JAWA TIMUR,KAB. SUMENEP,Sapeken
JAWA TIMUR,KAB. SUMENEP,Batuan
JAWA TIMUR,KAB. SUMENEP,Kangayan
JAWA TIMUR,KOTA KEDIRI,Mojoroto
JAWA TIMUR,KOTA KEDIRI,Kota
JAWA TIMUR,KOTA KEDIRI,Pesantren
JAWA TIMUR,KOTA BLITAR,Kepanjenkidul
JAWA TIMUR,KOTA BLITAR,Sukorejo
JAWA TIMUR,KOTA BLITAR,Sananwetan
JAWA TIMUR,KOTA MALANG,Blimbing
JAWA TIMUR,KOTA MALANG,Klojen
JAWA TIMUR,KOTA MALANG,Kedungkandang
JAWA TIMUR,KOTA MALANG,Sukun
JAWA TIMUR,KOTA MALANG,Lowokwaru
JAWA TIMUR,KOTA PROBOLINGGO,Kademangan
JAWA TIMUR,KOTA PROBOLINGGO,Wonoasih
JAWA TIMUR,KOTA PROBOLINGGO,Mayangan
JAWA TIMUR,KOTA PROBOLINGGO,Kanigaran
JAWA TIMUR,KOTA PROBOLINGGO,Kedopok
JAWA TIMUR,KOTA PASURUAN,Gadingrejo
JAWA TIMUR,KOTA PASURUAN,Purworejo
JAWA TIMUR,KOTA PASURUAN,Bugul Kidul
JAWA TIMUR,KOTA PASURUAN,Panggungrejo
JAWA TIMUR,KOTA MOJOKERTO,Prajuritkulon
JAWA TIMUR,KOTA MOJOKERTO,Magersari
JAWA TIMUR,KOTA MOJOKERTO,Kranggan
JAWA TIMUR,KOTA MADIUN,Kartoharjo
JAWA TIMUR,KOTA MADIUN,Manguharjo
JAWA TIMUR,KOTA MADIUN,Taman
JAWA TIMUR,KOTA SURABAYA,Karang Pilang
JAWA TIMUR,KOTA SURABAYA,Wonocolo
JAWA TIMUR,KOTA SURABAYA,Rungkut
JAWA TIMUR,KOTA SURABAYA,Wonokromo
JAWA TIMUR,KOTA SURABAYA,Tegalsari
JAWA TIMUR,KOTA SURABAYA,Sawahan
JAWA TIMUR,KOTA SURABAYA,Genteng
JAWA TIMUR,KOTA SURABAYA,Gubeng
JAWA TIMUR,KOTA SURABAYA,Sukolilo
JAWA TIMUR,KOTA SURABAYA,Tambaksari
JAWA TIMUR,KOTA SURABAYA,Simokerto
JAWA TIMUR,KOTA SURABAYA,Pabean Cantian
JAWA TIMUR,KOTA SURABAYA,Bubutan
JAWA TIMUR,KOTA SURABAYA,Tandes
JAWA TIMUR,KOTA SURABAYA,Krembangan
JAWA TIMUR,KOTA SURABAYA,Semampir
JAWA TIMUR,KOTA SURABAYA,Kenjeran
JAWA TIMUR,KOTA SURABAYA,Lakarsantri
JAWA TIMUR,KOTA SURABAYA,Benowo
JAWA TIMUR,KOTA SURABAYA,Wiyung
JAWA TIMUR,KOTA SURABAYA,Dukuh Pakis
JAWA TIMUR,KOTA SURABAYA,Gayungan
JAWA TIMUR,KOTA SURABAYA,Jambangan
JAWA TIMUR,KOTA SURABAYA,Tenggilis Mejoyo
JAWA TIMUR,KOTA SURABAYA,Gunung Anyar
JAWA TIMUR,KOTA SURABAYA,Mulyorejo
JAWA TIMUR,KOTA SURABAYA,Sukomanunggal
JAWA TIMUR,KOTA SURABAYA,Asem Rowo
JAWA TIMUR,KOTA SURABAYA,Bulak
JAWA TIMUR,KOTA SURABAYA,Pakal
JAWA TIMUR,KOTA SURABAYA,Sambikerep
JAWA TIMUR,KOTA BATU,Batu
JAWA TIMUR,KOTA BATU,Bumiaji
JAWA TIMUR,KOTA BATU,Junrejo
BANTEN,KAB. PANDEGLANG,Sumur
BANTEN,KAB. PANDEGLANG,Cimanggu
BANTEN,KAB. PANDEGLANG,Cibaliung
BANTEN,KAB. PANDEGLANG,Cikeusik
BANTEN,KAB. PANDEGLANG,Cigeulis
BANTEN,KAB. PANDEGLANG,Panimbang
BANTEN,KAB. PANDEGLANG,Angsana
BANTEN,KAB. PANDEGLANG,Munjul
BANTEN,KAB. PANDEGLANG,Pagelaran
BANTEN,KAB. PANDEGLANG,Bojong
BANTEN,KAB. PANDEGLANG,Picung
BANTEN,KAB. PANDEGLANG,Labuan
BANTEN,KAB. PANDEGLANG,Menes
BANTEN,KAB. PANDEGLANG,Saketi
BANTEN,KAB. PANDEGLANG,Cipeucang
BANTEN,KAB. PANDEGLANG,Jiput
BANTEN,KAB. PANDEGLANG,Mandalawangi
BANTEN,KAB. PANDEGLANG,Cimanuk
BANTEN,KAB. PANDEGLANG,Kaduhejo
BANTEN,KAB. PANDEGLANG,Banjar
BANTEN,KAB. PANDEGLANG,Pandeglang
BANTEN,KAB. PANDEGLANG,Cadasari
BANTEN,KAB. PANDEGLANG,Cisata
BANTEN,KAB. PANDEGLANG,Patia
BANTEN,KAB. PANDEGLANG,Karang Tanjung
BANTEN,KAB. PANDEGLANG,Cikedal
BANTEN,KAB. PANDEGLANG,Cibitung
BANTEN,KAB. PANDEGLANG,Carita
BANTEN,KAB. PANDEGLANG,Sukaresmi
BANTEN,KAB. PANDEGLANG,Mekarjaya
BANTEN,KAB. PANDEGLANG,Sindangresmi
BANTEN,KAB. PANDEGLANG,Pulosari
BANTEN,KAB. PANDEGLANG,Koroncong
BANTEN,KAB. PANDEGLANG,Majasari
BANTEN,KAB. PANDEGLANG,Sobang
BANTEN,KAB. LEBAK,Malingping
BANTEN,KAB. LEBAK,Panggarangan
BANTEN,KAB. LEBAK,Bayah
BANTEN,KAB. LEBAK,Cipanas
BANTEN,KAB. LEBAK,Muncang
BANTEN,KAB. LEBAK,Leuwidamar
BANTEN,KAB. LEBAK,Bojongmanik
BANTEN,KAB. LEBAK,Gunungkencana
BANTEN,KAB. LEBAK,Banjarsari
BANTEN,KAB. LEBAK,Cileles
BANTEN,KAB. LEBAK,Cimarga
BANTEN,KAB. LEBAK,Sajira
BANTEN,KAB. LEBAK,Maja
BANTEN,KAB. LEBAK,Rangkasbitung
BANTEN,KAB. LEBAK,Warunggunung
BANTEN,KAB. LEBAK,Cijaku
BANTEN,KAB. LEBAK,Cikulur
BANTEN,KAB. LEBAK,Cibadak
BANTEN,KAB. LEBAK,Cibeber
BANTEN,KAB. LEBAK,Cilograng
BANTEN,KAB. LEBAK,Wanasalam
BANTEN,KAB. LEBAK,Sobang
BANTEN,KAB. LEBAK,Curug bitung
BANTEN,KAB. LEBAK,Kalanganyar
BANTEN,KAB. LEBAK,Lebakgedong
BANTEN,KAB. LEBAK,Cihara
BANTEN,KAB. LEBAK,Cirinten
BANTEN,KAB. LEBAK,Cigemlong
BANTEN,KAB. TANGERANG,Balaraja
BANTEN,KAB. TANGERANG,Jayanti
BANTEN,KAB. TANGERANG,Tigaraksa
BANTEN,KAB. TANGERANG,Jambe
BANTEN,KAB. TANGERANG,Cisoka
BANTEN,KAB. TANGERANG,Kresek
BANTEN,KAB. TANGERANG,Kronjo
BANTEN,KAB. TANGERANG,Mauk
BANTEN,KAB. TANGERANG,Kemiri
BANTEN,KAB. TANGERANG,Sukadiri
BANTEN,KAB. TANGERANG,Rajeg
BANTEN,KAB. TANGERANG,Pasar Kemis
BANTEN,KAB. TANGERANG,Teluknaga
BANTEN,KAB. TANGERANG,Kosambi
BANTEN,KAB. TANGERANG,Pakuhaji
BANTEN,KAB. TANGERANG,Sepatan
BANTEN,KAB. TANGERANG,Curug
BANTEN,KAB. TANGERANG,Cikupa
BANTEN,KAB. TANGERANG,Panongan
BANTEN,KAB. TANGERANG,Legok
BANTEN,KAB. TANGERANG,Pagedangan
BANTEN,KAB. TANGERANG,Cisauk
BANTEN,KAB. TANGERANG,Sukamulya
BANTEN,KAB. TANGERANG,Kelapa Dua
BANTEN,KAB. TANGERANG,Sindang Jaya
BANTEN,KAB. TANGERANG,Sepatan Timur
BANTEN,KAB. TANGERANG,Solear
BANTEN,KAB. TANGERANG,Gunung Kaler
BANTEN,KAB. TANGERANG,Mekar Baru
BANTEN,KAB. SERANG,Kramatwatu
BANTEN,KAB. SERANG,Waringinkurung
BANTEN,KAB. SERANG,Bojonegara
BANTEN,KAB. SERANG,Pulo Ampel
BANTEN,KAB. SERANG,Ciruas
BANTEN,KAB. SERANG,Kragilan
BANTEN,KAB. SERANG,Pontang
BANTEN,KAB. SERANG,Tirtayasa
BANTEN,KAB. SERANG,Tanara
BANTEN,KAB. SERANG,Cikande
BANTEN,KAB. SERANG,Kibin
BANTEN,KAB. SERANG,Carenang
BANTEN,KAB. SERANG,Binuang
BANTEN,KAB. SERANG,Petir
BANTEN,KAB. SERANG,Tunjung Teja
BANTEN,KAB. SERANG,Baros
BANTEN,KAB. SERANG,Cikeusal
BANTEN,KAB. SERANG,Pamarayan
BANTEN,KAB. SERANG,Kopo
BANTEN,KAB. SERANG,Jawilan
BANTEN,KAB. SERANG,Ciomas
BANTEN,KAB. SERANG,Pabuaran
BANTEN,KAB. SERANG,Padarincang
BANTEN,KAB. SERANG,Anyar
BANTEN,KAB. SERANG,Cinangka
BANTEN,KAB. SERANG,Mancak
BANTEN,KAB. SERANG,Gunungsari
BANTEN,KAB. SERANG,Bandung
BANTEN,KAB. SERANG,Lebak Wangi
BANTEN,KOTA TANGERANG,Tangerang
BANTEN,KOTA TANGERANG,Jatiuwung
BANTEN,KOTA TANGERANG,Batuceper
BANTEN,KOTA TANGERANG,Benda
BANTEN,KOTA TANGERANG,Cipondoh
BANTEN,KOTA TANGERANG,Ciledug
BANTEN,KOTA TANGERANG,Karawaci
BANTEN,KOTA TANGERANG,Periuk
BANTEN,KOTA TANGERANG,Cibodas
BANTEN,KOTA TANGERANG,Neglasari
BANTEN,KOTA TANGERANG,Pinang
BANTEN,KOTA TANGERANG,Karang Tengah
BANTEN,KOTA TANGERANG,Larangan
BANTEN,KOTA CILEGON,Cibeber
BANTEN,KOTA CILEGON,Cilegon
BANTEN,KOTA CILEGON,Pulomerak
BANTEN,KOTA CILEGON,Ciwandan
BANTEN,KOTA CILEGON,Jombang
BANTEN,KOTA CILEGON,Gerogol
BANTEN,KOTA CILEGON,Purwakarta
BANTEN,KOTA CILEGON,Citangkil
BANTEN,KOTA SERANG,Serang
BANTEN,KOTA SERANG,Kasemen
BANTEN,KOTA SERANG,Walantaka
BANTEN,KOTA SERANG,Curug
BANTEN,KOTA SERANG,Cipocok Jaya
BANTEN,KOTA SERANG,Taktakan
BANTEN,KOTA TANGERANG SELATAN,Serpong
BANTEN,KOTA TANGERANG SELATAN,Serpong Utara
BANTEN,KOTA TANGERANG SELATAN,Pondok Aren
BANTEN,KOTA TANGERANG SELATAN,Ciputat
BANTEN,KOTA TANGERANG SELATAN,Ciputat Timur
BANTEN,KOTA TANGERANG SELATAN,Pamulang
BANTEN,KOTA TANGERANG SELATAN,Setu
BALI,KAB. JEMBRANA,Negara
BALI,KAB. JEMBRANA,Mendoyo
BALI,KAB. JEMBRANA,Pekutatan
BALI,KAB. JEMBRANA,Melaya
BALI,KAB. JEMBRANA,Jembrana
BALI,KAB. TABANAN,Selemadeg
BALI,KAB. TABANAN,Selemadeg Timur
BALI,KAB. TABANAN,Selemadeg Barat
BALI,KAB. TABANAN,Kerambitan
BALI,KAB. TABANAN,Tabanan
BALI,KAB. TABANAN,Kediri
BALI,KAB. TABANAN,Marga
BALI,KAB. TABANAN,Penebel
BALI,KAB. TABANAN,Baturiti
BALI,KAB. TABANAN,Pupuan
BALI,KAB. BADUNG,Kuta
BALI,KAB. BADUNG,Mengwi
BALI,KAB. BADUNG,Abiansemal
BALI,KAB. BADUNG,Petang
BALI,KAB. BADUNG,Kuta Selatan
BALI,KAB. BADUNG,Kuta Utara
BALI,KAB. GIANYAR,Sukawati
BALI,KAB. GIANYAR,Blahbatuh
BALI,KAB. GIANYAR,Gianyar
BALI,KAB. GIANYAR,Tampaksiring
BALI,KAB. GIANYAR,Ubud
BALI,KAB. GIANYAR,Tegallalang
BALI,KAB. GIANYAR,Payangan
BALI,KAB. KLUNGKUNG,Nusa Penida
BALI,KAB. KLUNGKUNG,Banjarangkan
BALI,KAB. KLUNGKUNG,Klungkung
BALI,KAB. KLUNGKUNG,Dawan
BALI,KAB. BANGLI,Susut
BALI,KAB. BANGLI,Bangli
BALI,KAB. BANGLI,Tembuku
BALI,KAB. BANGLI,Kintamani
BALI,KAB. KARANGASEM,Rendang
BALI,KAB. KARANGASEM,Sidemen
BALI,KAB. KARANGASEM,Manggis
BALI,KAB. KARANGASEM,Karangasem
BALI,KAB. KARANGASEM,Abang
BALI,KAB. KARANGASEM,Bebandem
BALI,KAB. KARANGASEM,Selat
BALI,KAB. KARANGASEM,Kubu
BALI,KAB. BULELENG,Gerokgak
BALI,KAB. BULELENG,Seririt
BALI,KAB. BULELENG,Busungbiu
BALI,KAB. BULELENG,Banjar
BALI,KAB. BULELENG,Sukasada
BALI,KAB. BULELENG,Buleleng
BALI,KAB. BULELENG,Sawan
BALI,KAB. BULELENG,Kubutambahan
BALI,KAB. BULELENG,Tejakula
BALI,KOTA DENPASAR,Denpasar Selatan
BALI,KOTA DENPASAR,Denpasar Timur
BALI,KOTA DENPASAR,Denpasar Barat
BALI,KOTA DENPASAR,Denpasar Utara
NUSA TENGGARA BARAT,KAB. LOMBOK BARAT,Gerung
NUSA TENGGARA BARAT,KAB. LOMBOK BARAT,Kediri
NUSA TENGGARA BARAT,KAB. LOMBOK BARAT,Narmada
NUSA TENGGARA BARAT,KAB. LOMBOK BARAT,Sekotong
NUSA TENGGARA BARAT,KAB. LOMBOK BARAT,Labuapi
NUSA TENGGARA BARAT,KAB. LOMBOK BARAT,Gunungsari
NUSA TENGGARA BARAT,KAB. LOMBOK BARAT,Lingsar
NUSA TENGGARA BARAT,KAB. LOMBOK BARAT,Lembar
NUSA TENGGARA BARAT,KAB. LOMBOK BARAT,Batu Layar
NUSA TENGGARA BARAT,KAB. LOMBOK BARAT,Kuripan
NUSA TENGGARA BARAT,KAB. LOMBOK TENGAH,Praya
NUSA TENGGARA BARAT,KAB. LOMBOK TENGAH,Jonggat
NUSA TENGGARA BARAT,KAB. LOMBOK TENGAH,Batukliang
NUSA TENGGARA BARAT,KAB. LOMBOK TENGAH,Pujut
NUSA TENGGARA BARAT,KAB. LOMBOK TENGAH,Praya Barat
NUSA TENGGARA BARAT,KAB. LOMBOK TENGAH,Praya Timur
NUSA TENGGARA BARAT,KAB. LOMBOK TENGAH,Janapria
NUSA TENGGARA BARAT,KAB. LOMBOK TENGAH,Pringgarata
NUSA TENGGARA BARAT,KAB. LOMBOK TENGAH,Kopang
NUSA TENGGARA BARAT,KAB. LOMBOK TENGAH,Praya Tengah
NUSA TENGGARA BARAT,KAB. LOMBOK TENGAH,Praya Barat Daya
NUSA TENGGARA BARAT,KAB. LOMBOK TENGAH,Batukliang Utara
NUSA TENGGARA BARAT,KAB. LOMBOK TIMUR,Keruak
NUSA TENGGARA BARAT,KAB. LOMBOK TIMUR,Sakra
NUSA TENGGARA BARAT,KAB. LOMBOK TIMUR,Terara
NUSA TENGGARA BARAT,KAB. LOMBOK TIMUR,Sikur
NUSA TENGGARA BARAT,KAB. LOMBOK TIMUR,Masbagik
NUSA TENGGARA BARAT,KAB. LOMBOK TIMUR,Sukamulia
NUSA TENGGARA BARAT,KAB. LOMBOK TIMUR,Selong
NUSA TENGGARA BARAT,KAB. LOMBOK TIMUR,Pringgabaya
NUSA TENGGARA BARAT,KAB. LOMBOK TIMUR,Aikmel
NUSA TENGGARA BARAT,KAB. LOMBOK TIMUR,Sambelia
NUSA TENGGARA BARAT,KAB. LOMBOK TIMUR,Montong Gading
NUSA TENGGARA BARAT,KAB. LOMBOK TIMUR,Pringgasela
NUSA TENGGARA BARAT,KAB. LOMBOK TIMUR,Suralaga
NUSA TENGGARA BARAT,KAB. LOMBOK TIMUR,Wanasaba
NUSA TENGGARA BARAT,KAB. LOMBOK TIMUR,Sembalun
NUSA TENGGARA BARAT,KAB. LOMBOK TIMUR,Suwela
NUSA TENGGARA BARAT,KAB. LOMBOK TIMUR,Labuhan Haji
NUSA TENGGARA BARAT,KAB. LOMBOK TIMUR,Sakra Timur
NUSA TENGGARA BARAT,KAB. LOMBOK TIMUR,Sakra Barat
NUSA TENGGARA BARAT,KAB. LOMBOK TIMUR,Jerowaru
NUSA TENGGARA BARAT,KAB. LOMBOK TIMUR,Lenek
NUSA TENGGARA BARAT,KAB. SUMBAWA,Lunyuk
NUSA TENGGARA BARAT,KAB. SUMBAWA,Alas
NUSA TENGGARA BARAT,KAB. SUMBAWA,Utan
NUSA TENGGARA BARAT,KAB. SUMBAWA,Batu Lanteh
NUSA TENGGARA BARAT,KAB. SUMBAWA,Sumbawa
NUSA TENGGARA BARAT,KAB. SUMBAWA,Moyo Hilir
NUSA TENGGARA BARAT,KAB. SUMBAWA,Moyo Hulu
NUSA TENGGARA BARAT,KAB. SUMBAWA,Ropang
NUSA TENGGARA BARAT,KAB. SUMBAWA,Lape
NUSA TENGGARA BARAT,KAB. SUMBAWA,Plampang
NUSA TENGGARA BARAT,KAB. SUMBAWA,Empang
NUSA TENGGARA BARAT,KAB. SUMBAWA,Alas Barat
NUSA TENGGARA BARAT,KAB. SUMBAWA,Labuhan Badas
NUSA TENGGARA BARAT,KAB. SUMBAWA,Labangka
NUSA TENGGARA BARAT,KAB. SUMBAWA,Buer
NUSA TENGGARA BARAT,KAB. SUMBAWA,Rhee
NUSA TENGGARA BARAT,KAB. SUMBAWA,Unter Iwes
NUSA TENGGARA BARAT,KAB. SUMBAWA,Moyo Utara
NUSA TENGGARA BARAT,KAB. SUMBAWA,Maronge
NUSA TENGGARA BARAT,KAB. SUMBAWA,Tarano
NUSA TENGGARA BARAT,KAB. SUMBAWA,Lopok
NUSA TENGGARA BARAT,KAB. SUMBAWA,Lenangguar
NUSA TENGGARA BARAT,KAB. SUMBAWA,Orong Telu
NUSA TENGGARA BARAT,KAB. SUMBAWA,Lantung
NUSA TENGGARA BARAT,KAB. DOMPU,Dompu
NUSA TENGGARA BARAT,KAB. DOMPU,Kempo
NUSA TENGGARA BARAT,KAB. DOMPU,Hu'u
NUSA TENGGARA BARAT,KAB. DOMPU,Kilo
NUSA TENGGARA BARAT,KAB. DOMPU,Woja
NUSA TENGGARA BARAT,KAB. DOMPU,Pekat
NUSA TENGGARA BARAT,KAB. DOMPU,Manggalewa
NUSA TENGGARA BARAT,KAB. DOMPU,Pajo
NUSA TENGGARA BARAT,KAB. BIMA,Monta
NUSA TENGGARA BARAT,KAB. BIMA,Bolo
NUSA TENGGARA BARAT,KAB. BIMA,Woha
NUSA TENGGARA BARAT,KAB. BIMA,Belo
NUSA TENGGARA BARAT,KAB. BIMA,Wawo
NUSA TENGGARA BARAT,KAB. BIMA,Sape
NUSA TENGGARA BARAT,KAB. BIMA,Wera
NUSA TENGGARA BARAT,KAB. BIMA,Donggo
NUSA TENGGARA BARAT,KAB. BIMA,Sanggar
NUSA TENGGARA BARAT,KAB. BIMA,Ambalawi
NUSA TENGGARA BARAT,KAB. BIMA,Langgudu
NUSA TENGGARA BARAT,KAB. BIMA,Lambu
NUSA TENGGARA BARAT,KAB. BIMA,Madapangga
NUSA TENGGARA BARAT,KAB. BIMA,Tambora
NUSA TENGGARA BARAT,KAB. BIMA,Soromandi
NUSA TENGGARA BARAT,KAB. BIMA,Parado
NUSA TENGGARA BARAT,KAB. BIMA,Lambitu
NUSA TENGGARA BARAT,KAB. BIMA,Palibelo
NUSA TENGGARA BARAT,KAB. SUMBAWA BARAT,Jereweh
NUSA TENGGARA BARAT,KAB. SUMBAWA BARAT,Taliwang
NUSA TENGGARA BARAT,KAB. SUMBAWA BARAT,Seteluk
NUSA TENGGARA BARAT,KAB. SUMBAWA BARAT,Sekongkang
NUSA TENGGARA BARAT,KAB. SUMBAWA BARAT,Brang Rea
NUSA TENGGARA BARAT,KAB. SUMBAWA BARAT,Poto Tano
NUSA TENGGARA BARAT,KAB. SUMBAWA BARAT,Brang Ene
NUSA TENGGARA BARAT,KAB. SUMBAWA BARAT,Maluk
NUSA TENGGARA BARAT,KAB. LOMBOK UTARA,Tanjung
NUSA TENGGARA BARAT,KAB. LOMBOK UTARA,Gangga
NUSA TENGGARA BARAT,KAB. LOMBOK UTARA,Kayangan
NUSA TENGGARA BARAT,KAB. LOMBOK UTARA,Bayan
NUSA TENGGARA BARAT,KAB. LOMBOK UTARA,Pemenang
NUSA TENGGARA BARAT,KOTA MATARAM,Ampenan
NUSA TENGGARA BARAT,KOTA MATARAM,Mataram
NUSA TENGGARA BARAT,KOTA MATARAM,Cakranegara
NUSA TENGGARA BARAT,KOTA MATARAM,Sekarbela
NUSA TENGGARA BARAT,KOTA MATARAM,Selaprang
NUSA TENGGARA BARAT,KOTA MATARAM,Sandubaya
NUSA TENGGARA BARAT,KOTA BIMA,RasanaE Barat
NUSA TENGGARA BARAT,KOTA BIMA,RasanaE Timur
NUSA TENGGARA BARAT,KOTA BIMA,Asakota
NUSA TENGGARA BARAT,KOTA BIMA,Raba
NUSA TENGGARA BARAT,KOTA BIMA,Mpunda
NUSA TENGGARA TIMUR,KAB. KUPANG,Semau
NUSA TENGGARA TIMUR,KAB. KUPANG,Kupang Barat
NUSA TENGGARA TIMUR,KAB. KUPANG,Kupang Timur
NUSA TENGGARA TIMUR,KAB. KUPANG,Sulamu
NUSA TENGGARA TIMUR,KAB. KUPANG,Kupang Tengah
NUSA TENGGARA TIMUR,KAB. KUPANG,Amarasi
NUSA TENGGARA TIMUR,KAB. KUPANG,Fatuleu
NUSA TENGGARA TIMUR,KAB. KUPANG,Takari
NUSA TENGGARA TIMUR,KAB. KUPANG,Amfoang Selatan
NUSA TENGGARA TIMUR,KAB. KUPANG,Amfoang Utara
NUSA TENGGARA TIMUR,KAB. KUPANG,Nekamese
NUSA TENGGARA TIMUR,KAB. KUPANG,Amarasi Barat
NUSA TENGGARA TIMUR,KAB. KUPANG,Amarasi Selatan
NUSA TENGGARA TIMUR,KAB. KUPANG,Amarasi Timur
NUSA TENGGARA TIMUR,KAB. KUPANG,Amabi Oefeto Timur
NUSA TENGGARA TIMUR,KAB. KUPANG,Amfoang Barat Daya
NUSA TENGGARA TIMUR,KAB. KUPANG,Amfoang Barat Laut
NUSA TENGGARA TIMUR,KAB. KUPANG,Semau Selatan
NUSA TENGGARA TIMUR,KAB. KUPANG,Taebenu
NUSA TENGGARA TIMUR,KAB. KUPANG,Amabi Oefeto
NUSA TENGGARA TIMUR,KAB. KUPANG,Amfoang Timur
NUSA TENGGARA TIMUR,KAB. KUPANG,Fatuleu Barat
NUSA TENGGARA TIMUR,KAB. KUPANG,Fatuleu Tengah
NUSA TENGGARA TIMUR,KAB. KUPANG,Amfoang Tengah
NUSA TENGGARA TIMUR,KAB TIMOR TENGAH SELATAN,Kota Soe
NUSA TENGGARA TIMUR,KAB TIMOR TENGAH SELATAN,Mollo Selatan
NUSA TENGGARA TIMUR,KAB TIMOR TENGAH SELATAN,Mollo Utara
NUSA TENGGARA TIMUR,KAB TIMOR TENGAH SELATAN,Amanuban Timur
NUSA TENGGARA TIMUR,KAB TIMOR TENGAH SELATAN,Amanuban Tengah
NUSA TENGGARA TIMUR,KAB TIMOR TENGAH SELATAN,Amanuban Selatan
NUSA TENGGARA TIMUR,KAB TIMOR TENGAH SELATAN,Amanuban Barat
NUSA TENGGARA TIMUR,KAB TIMOR TENGAH SELATAN,Amanatun Selatan
NUSA TENGGARA TIMUR,KAB TIMOR TENGAH SELATAN,Amanatun Utara
NUSA TENGGARA TIMUR,KAB TIMOR TENGAH SELATAN,KI'E
NUSA TENGGARA TIMUR,KAB TIMOR TENGAH SELATAN,Kuanfatu
NUSA TENGGARA TIMUR,KAB TIMOR TENGAH SELATAN,Fatumnasi
NUSA TENGGARA TIMUR,KAB TIMOR TENGAH SELATAN,Polen
NUSA TENGGARA TIMUR,KAB TIMOR TENGAH SELATAN,Batu Putih
NUSA TENGGARA TIMUR,KAB TIMOR TENGAH SELATAN,Boking
NUSA TENGGARA TIMUR,KAB TIMOR TENGAH SELATAN,Toianas
NUSA TENGGARA TIMUR,KAB TIMOR TENGAH SELATAN,Nunkolo
NUSA TENGGARA TIMUR,KAB TIMOR TENGAH SELATAN,Oenino
NUSA TENGGARA TIMUR,KAB TIMOR TENGAH SELATAN,Kolbano
NUSA TENGGARA TIMUR,KAB TIMOR TENGAH SELATAN,Kot olin
NUSA TENGGARA TIMUR,KAB TIMOR TENGAH SELATAN,Kualin
NUSA TENGGARA TIMUR,KAB TIMOR TENGAH SELATAN,Mollo Barat
NUSA TENGGARA TIMUR,KAB TIMOR TENGAH SELATAN,Kok Baun
NUSA TENGGARA TIMUR,KAB TIMOR TENGAH SELATAN,Noebana
NUSA TENGGARA TIMUR,KAB TIMOR TENGAH SELATAN,Santian
NUSA TENGGARA TIMUR,KAB TIMOR TENGAH SELATAN,Noebeba
NUSA TENGGARA TIMUR,KAB TIMOR TENGAH SELATAN,Kuatnana
NUSA TENGGARA TIMUR,KAB TIMOR TENGAH SELATAN,Fautmolo
NUSA TENGGARA TIMUR,KAB TIMOR TENGAH SELATAN,Fatukopa
NUSA TENGGARA TIMUR,KAB TIMOR TENGAH SELATAN,Mollo Tengah
NUSA TENGGARA TIMUR,KAB TIMOR TENGAH SELATAN,Tobu
NUSA TENGGARA TIMUR,KAB TIMOR TENGAH SELATAN,Nunbena
NUSA TENGGARA TIMUR,KAB. TIMOR TENGAH UTARA,Miomaffo Timur
NUSA TENGGARA TIMUR,KAB. TIMOR TENGAH UTARA,Miomaffo Barat
NUSA TENGGARA TIMUR,KAB. TIMOR TENGAH UTARA,Biboki Selatan
NUSA TENGGARA TIMUR,KAB. TIMOR TENGAH UTARA,Noemuti
NUSA TENGGARA TIMUR,KAB. TIMOR TENGAH UTARA,Kota Kefamenanu
NUSA TENGGARA TIMUR,KAB. TIMOR TENGAH UTARA,Biboki Utara
NUSA TENGGARA TIMUR,KAB. TIMOR TENGAH UTARA,Biboki Anleu
NUSA TENGGARA TIMUR,KAB. TIMOR TENGAH UTARA,Insana
NUSA TENGGARA TIMUR,KAB. TIMOR TENGAH UTARA,Insana Utara
NUSA TENGGARA TIMUR,KAB. TIMOR TENGAH UTARA,Noemuti Timur
NUSA TENGGARA TIMUR,KAB. TIMOR TENGAH UTARA,Miomaffo Tengah
NUSA TENGGARA TIMUR,KAB. TIMOR TENGAH UTARA,Musi
NUSA TENGGARA TIMUR,KAB. TIMOR TENGAH UTARA,Mutis
NUSA TENGGARA TIMUR,KAB. TIMOR TENGAH UTARA,Bikomi Selatan
NUSA TENGGARA TIMUR,KAB. TIMOR TENGAH UTARA,Bikomi Tengah
NUSA TENGGARA TIMUR,KAB. TIMOR TENGAH UTARA,Bikomi Nilulat
NUSA TENGGARA TIMUR,KAB. TIMOR TENGAH UTARA,Bikomi Utara
NUSA TENGGARA TIMUR,KAB. TIMOR TENGAH UTARA,Naibenu
NUSA TENGGARA TIMUR,KAB. TIMOR TENGAH UTARA,Insana Fafinesu
NUSA TENGGARA TIMUR,KAB. TIMOR TENGAH UTARA,Insana Barat
NUSA TENGGARA TIMUR,KAB. TIMOR TENGAH UTARA,Insana Tengah
NUSA TENGGARA TIMUR,KAB. TIMOR TENGAH UTARA,Biboki Tan Pah
NUSA TENGGARA TIMUR,KAB. TIMOR TENGAH UTARA,Biboki Moenleu
NUSA TENGGARA TIMUR,KAB. TIMOR TENGAH UTARA,Biboki Feotleu
NUSA TENGGARA TIMUR,KAB. BELU,Lamaknen
NUSA TENGGARA TIMUR,KAB. BELU,TasifetoTimur
NUSA TENGGARA TIMUR,KAB. BELU,Raihat
NUSA TENGGARA TIMUR,KAB. BELU,Tasifeto Barat
NUSA TENGGARA TIMUR,KAB. BELU,Kakuluk Mesak
NUSA TENGGARA TIMUR,KAB. BELU,Kota Atambua
NUSA TENGGARA TIMUR,KAB. BELU,Raimanuk
NUSA TENGGARA TIMUR,KAB. BELU,Lasiolat
NUSA TENGGARA TIMUR,KAB. BELU,Lamaknen Selatan
NUSA TENGGARA TIMUR,KAB. BELU,Atambua Barat
NUSA TENGGARA TIMUR,KAB. BELU,Atambua Selatan
NUSA TENGGARA TIMUR,KAB. BELU,Nanaet Duabesi
NUSA TENGGARA TIMUR,KAB. ALOR,Teluk Mutiara
NUSA TENGGARA TIMUR,KAB. ALOR,Alor Barat Laut
NUSA TENGGARA TIMUR,KAB. ALOR,Alor Barat Daya
NUSA TENGGARA TIMUR,KAB. ALOR,Alor Selatan
NUSA TENGGARA TIMUR,KAB. ALOR,Alor Timur
NUSA TENGGARA TIMUR,KAB. ALOR,Pantar
NUSA TENGGARA TIMUR,KAB. ALOR,Alor Tengah Utara
NUSA TENGGARA TIMUR,KAB. ALOR,Alor Timur Laut
NUSA TENGGARA TIMUR,KAB. ALOR,Pantar Barat
NUSA TENGGARA TIMUR,KAB. ALOR,Kabola
NUSA TENGGARA TIMUR,KAB. ALOR,Pulau Pura
NUSA TENGGARA TIMUR,KAB. ALOR,Mataru
NUSA TENGGARA TIMUR,KAB. ALOR,Pureman
NUSA TENGGARA TIMUR,KAB. ALOR,Pantar Timur
NUSA TENGGARA TIMUR,KAB. ALOR,Lembur
NUSA TENGGARA TIMUR,KAB. ALOR,Pantar Tengah
NUSA TENGGARA TIMUR,KAB. ALOR,Pantar Baru Laut
NUSA TENGGARA TIMUR,KAB. ALOR,Abad Selatan
NUSA TENGGARA TIMUR,KAB. FLORES TIMUR,Wulanggitang
NUSA TENGGARA TIMUR,KAB. FLORES TIMUR,Titehena
NUSA TENGGARA TIMUR,KAB. FLORES TIMUR,Larantuka
NUSA TENGGARA TIMUR,KAB. FLORES TIMUR,Ile Mandiri
NUSA TENGGARA TIMUR,KAB. FLORES TIMUR,Tanjung Bunga
NUSA TENGGARA TIMUR,KAB. FLORES TIMUR,Solor Barat
NUSA TENGGARA TIMUR,KAB. FLORES TIMUR,Solor Timur
NUSA TENGGARA TIMUR,KAB. FLORES TIMUR,Adonara Barat
NUSA TENGGARA TIMUR,KAB. FLORES TIMUR,Wotan Ulumando
NUSA TENGGARA TIMUR,KAB. FLORES TIMUR,Adonara Timur
NUSA TENGGARA TIMUR,KAB. FLORES TIMUR,Kelubagolit
NUSA TENGGARA TIMUR,KAB. FLORES TIMUR,Witihama
NUSA TENGGARA TIMUR,KAB. FLORES TIMUR,Ile Boleng
NUSA TENGGARA TIMUR,KAB. FLORES TIMUR,Demon Pagong
NUSA TENGGARA TIMUR,KAB. FLORES TIMUR,Lewolema
NUSA TENGGARA TIMUR,KAB. FLORES TIMUR,Ile Bura
NUSA TENGGARA TIMUR,KAB. FLORES TIMUR,Adonara
NUSA TENGGARA TIMUR,KAB. FLORES TIMUR,Adonara Tengah
NUSA TENGGARA TIMUR,KAB. FLORES TIMUR,Solor Selatan
NUSA TENGGARA TIMUR,KAB. SIKKA,Paga
NUSA TENGGARA TIMUR,KAB. SIKKA,Mego
NUSA TENGGARA TIMUR,KAB. SIKKA,Lela
NUSA TENGGARA TIMUR,KAB. SIKKA,Nita
NUSA TENGGARA TIMUR,KAB. SIKKA,Alok
NUSA TENGGARA TIMUR,KAB. SIKKA,Palue
NUSA TENGGARA TIMUR,KAB. SIKKA,Nelle
NUSA TENGGARA TIMUR,KAB. SIKKA,Talibura
NUSA TENGGARA TIMUR,KAB. SIKKA,Waigete
NUSA TENGGARA TIMUR,KAB. SIKKA,Kewapante
NUSA TENGGARA TIMUR,KAB. SIKKA,Bola
NUSA TENGGARA TIMUR,KAB. SIKKA,Magepanda
NUSA TENGGARA TIMUR,KAB. SIKKA,Waiblama
NUSA TENGGARA TIMUR,KAB. SIKKA,Alok Barat
NUSA TENGGARA TIMUR,KAB. SIKKA,Alok Timur
NUSA TENGGARA TIMUR,KAB. SIKKA,Koting
NUSA TENGGARA TIMUR,KAB. SIKKA,Tana Wawo
NUSA TENGGARA TIMUR,KAB. SIKKA,Hewokloang
NUSA TENGGARA TIMUR,KAB. SIKKA,Kangae
NUSA TENGGARA TIMUR,KAB. SIKKA,Doreng
NUSA TENGGARA TIMUR,KAB. SIKKA,Mapitara
NUSA TENGGARA TIMUR,KAB. ENDE,Nangapanda
NUSA TENGGARA TIMUR,KAB. ENDE,Pulau Ende
NUSA TENGGARA TIMUR,KAB. ENDE,Ende
NUSA TENGGARA TIMUR,KAB. ENDE,Ende Selatan
NUSA TENGGARA TIMUR,KAB. ENDE,Ndona
NUSA TENGGARA TIMUR,KAB. ENDE,Detusoko
NUSA TENGGARA TIMUR,KAB. ENDE,Wewaria
NUSA TENGGARA TIMUR,KAB. ENDE,Wolowaru
NUSA TENGGARA TIMUR,KAB. ENDE,Wolojita
NUSA TENGGARA TIMUR,KAB. ENDE,Maurole
NUSA TENGGARA TIMUR,KAB. ENDE,Maukaro
NUSA TENGGARA TIMUR,KAB. ENDE,Lio Timur
NUSA TENGGARA TIMUR,KAB. ENDE,Kota Baru
NUSA TENGGARA TIMUR,KAB. ENDE,Kelimutu
NUSA TENGGARA TIMUR,KAB. ENDE,Detukeli
NUSA TENGGARA TIMUR,KAB. ENDE,Ndona Timur
NUSA TENGGARA TIMUR,KAB. ENDE,Ndori
NUSA TENGGARA TIMUR,KAB. ENDE,Ende Utara
NUSA TENGGARA TIMUR,KAB. ENDE,Ende Tengah
NUSA TENGGARA TIMUR,KAB. ENDE,Ende Timur
NUSA TENGGARA TIMUR,KAB. ENDE,Lepembusu Kelisoke
NUSA TENGGARA TIMUR,KAB. NGADA,Aimere
NUSA TENGGARA TIMUR,KAB. NGADA,Golewa
NUSA TENGGARA TIMUR,KAB. NGADA,Bajawa
NUSA TENGGARA TIMUR,KAB. NGADA,Soa
NUSA TENGGARA TIMUR,KAB. NGADA,Riung
NUSA TENGGARA TIMUR,KAB. NGADA,Jerebuu
NUSA TENGGARA TIMUR,KAB. NGADA,Riung Barat
NUSA TENGGARA TIMUR,KAB. NGADA,Bajawa Utara
NUSA TENGGARA TIMUR,KAB. NGADA,Wolomeze
NUSA TENGGARA TIMUR,KAB. NGADA,Golewa Selatan
NUSA TENGGARA TIMUR,KAB. NGADA,Golewa Barat
NUSA TENGGARA TIMUR,KAB. NGADA,Inerie
NUSA TENGGARA TIMUR,KAB. MANGGARAI,Wae Rii
NUSA TENGGARA TIMUR,KAB. MANGGARAI,Ruteng
NUSA TENGGARA TIMUR,KAB. MANGGARAI,Satar Mese
NUSA TENGGARA TIMUR,KAB. MANGGARAI,Cibal
NUSA TENGGARA TIMUR,KAB. MANGGARAI,Reok
NUSA TENGGARA TIMUR,KAB. MANGGARAI,Langke Rembong
NUSA TENGGARA TIMUR,KAB. MANGGARAI,Satar Mese Barat
NUSA TENGGARA TIMUR,KAB. MANGGARAI,Rahong Utara
NUSA TENGGARA TIMUR,KAB. MANGGARAI,Lelak
NUSA TENGGARA TIMUR,KAB. MANGGARAI,Reok Barat
NUSA TENGGARA TIMUR,KAB. MANGGARAI,Cibal barat
NUSA TENGGARA TIMUR,KAB. MANGGARAI,Satar Mese Utara
NUSA TENGGARA TIMUR,KAB. SUMBA TIMUR,Kota Waingapu
NUSA TENGGARA TIMUR,KAB. SUMBA TIMUR,Haharu
NUSA TENGGARA TIMUR,KAB. SUMBA TIMUR,Lewa
NUSA TENGGARA TIMUR,KAB. SUMBA TIMUR,Nggaha Ori Angu
NUSA TENGGARA TIMUR,KAB. SUMBA TIMUR,Tabundung
NUSA TENGGARA TIMUR,KAB. SUMBA TIMUR,Pinu Pahar
NUSA TENGGARA TIMUR,KAB. SUMBA TIMUR,Pandawai
NUSA TENGGARA TIMUR,KAB. SUMBA TIMUR,Umalulu
NUSA TENGGARA TIMUR,KAB. SUMBA TIMUR,Rindi
NUSA TENGGARA TIMUR,KAB. SUMBA TIMUR,Pahunga Lodu
NUSA TENGGARA TIMUR,KAB. SUMBA TIMUR,Wulla Waijelu
NUSA TENGGARA TIMUR,KAB. SUMBA TIMUR,Paberiwai
NUSA TENGGARA TIMUR,KAB. SUMBA TIMUR,Karera
NUSA TENGGARA TIMUR,KAB. SUMBA TIMUR,Kahaungu Eti
NUSA TENGGARA TIMUR,KAB. SUMBA TIMUR,Matawai La Pawu
NUSA TENGGARA TIMUR,KAB. SUMBA TIMUR,Kambera
NUSA TENGGARA TIMUR,KAB. SUMBA TIMUR,Kambata Mapambuhang
NUSA TENGGARA TIMUR,KAB. SUMBA TIMUR,Lewa Tidahu
NUSA TENGGARA TIMUR,KAB. SUMBA TIMUR,Katala Hamu Lingu
NUSA TENGGARA TIMUR,KAB. SUMBA TIMUR,Kanatang
NUSA TENGGARA TIMUR,KAB. SUMBA TIMUR,Ngadu Ngala
NUSA TENGGARA TIMUR,KAB. SUMBA TIMUR,Mahu
NUSA TENGGARA TIMUR,KAB. SUMBA BARAT,Tana Righu
NUSA TENGGARA TIMUR,KAB. SUMBA BARAT,Loli
NUSA TENGGARA TIMUR,KAB. SUMBA BARAT,Wanokaka
NUSA TENGGARA TIMUR,KAB. SUMBA BARAT,Lamboya
NUSA TENGGARA TIMUR,KAB. SUMBA BARAT,Kota Waikabubak
NUSA TENGGARA TIMUR,KAB. SUMBA BARAT,Laboya Barat
NUSA TENGGARA TIMUR,KAB. LEMBATA,Naga Wutung
NUSA TENGGARA TIMUR,KAB. LEMBATA,Atadei
NUSA TENGGARA TIMUR,KAB. LEMBATA,Ile Ape
NUSA TENGGARA TIMUR,KAB. LEMBATA,Lebatukan
NUSA TENGGARA TIMUR,KAB. LEMBATA,Nubatukan
NUSA TENGGARA TIMUR,KAB. LEMBATA,Omesuri
NUSA TENGGARA TIMUR,KAB. LEMBATA,Buyasuri
NUSA TENGGARA TIMUR,KAB. LEMBATA,Wulandoni
NUSA TENGGARA TIMUR,KAB. LEMBATA,Ile Ape Timur
NUSA TENGGARA TIMUR,KAB. ROTE NDAO,Rote Barat Daya
NUSA TENGGARA TIMUR,KAB. ROTE NDAO,Rote Barat Laut
NUSA TENGGARA TIMUR,KAB. ROTE NDAO,Lobalain
NUSA TENGGARA TIMUR,KAB. ROTE NDAO,Rote Tengah
NUSA TENGGARA TIMUR,KAB. ROTE NDAO,Pantai Baru
NUSA TENGGARA TIMUR,KAB. ROTE NDAO,Rote Timur
NUSA TENGGARA TIMUR,KAB. ROTE NDAO,Rote Barat
NUSA TENGGARA TIMUR,KAB. ROTE NDAO,Rote Selatan
NUSA TENGGARA TIMUR,KAB. ROTE NDAO,Ndao Nuse
NUSA TENGGARA TIMUR,KAB. ROTE NDAO,Landu Leko
NUSA TENGGARA TIMUR,KAB. ROTE NDAO,Loaholu
NUSA TENGGARA TIMUR,KAB. MANGGARAI BARAT,Macang Pacar
NUSA TENGGARA TIMUR,KAB. MANGGARAI BARAT,Kuwus
NUSA TENGGARA TIMUR,KAB. MANGGARAI BARAT,Lembor
NUSA TENGGARA TIMUR,KAB. MANGGARAI BARAT,Sano Nggoang
NUSA TENGGARA TIMUR,KAB. MANGGARAI BARAT,Komodo
NUSA TENGGARA TIMUR,KAB. MANGGARAI BARAT,Boleng
NUSA TENGGARA TIMUR,KAB. MANGGARAI BARAT,Welak
NUSA TENGGARA TIMUR,KAB. MANGGARAI BARAT,Ndoso
NUSA TENGGARA TIMUR,KAB. MANGGARAI BARAT,Lembor Selatan
NUSA TENGGARA TIMUR,KAB. MANGGARAI BARAT,Mbeliling
NUSA TENGGARA TIMUR,KAB. MANGGARAI BARAT,Pacar
NUSA TENGGARA TIMUR,KAB. MANGGARAI BARAT,Kuwus Barat
NUSA TENGGARA TIMUR,KAB. NAGEKEO,Aesesa
NUSA TENGGARA TIMUR,KAB. NAGEKEO,Nangaroro
NUSA TENGGARA TIMUR,KAB. NAGEKEO,Boawae
NUSA TENGGARA TIMUR,KAB. NAGEKEO,Mauponggo
NUSA TENGGARA TIMUR,KAB. NAGEKEO,Wolowae
NUSA TENGGARA TIMUR,KAB. NAGEKEO,Keo Tengah
NUSA TENGGARA TIMUR,KAB. NAGEKEO,Aesesa Selatan
NUSA TENGGARA TIMUR,KAB. SUMBA TENGAH,Katiku Tana
NUSA TENGGARA TIMUR,KAB. SUMBA TENGAH,Umbu Ratu Nggay Barat
NUSA TENGGARA TIMUR,KAB. SUMBA TENGAH,Mamboro
NUSA TENGGARA TIMUR,KAB. SUMBA TENGAH,Umbu Ratu Nggay
NUSA TENGGARA TIMUR,KAB. SUMBA TENGAH,Katiku Tana Selatan
NUSA TENGGARA TIMUR,KAB. SUMBA TENGAH,Umbu Ratu Nggay Tengah
NUSA TENGGARA TIMUR,KAB. SUMBA BARAT DAYA,Loura
NUSA TENGGARA TIMUR,KAB. SUMBA BARAT DAYA,Wewewa Utara
NUSA TENGGARA TIMUR,KAB. SUMBA BARAT DAYA,Wewewa Timur
NUSA TENGGARA TIMUR,KAB. SUMBA BARAT DAYA,Wewewa Barat
NUSA TENGGARA TIMUR,KAB. SUMBA BARAT DAYA,Wewewa Selatan
NUSA TENGGARA TIMUR,KAB. SUMBA BARAT DAYA,Kodi Bangedo
NUSA TENGGARA TIMUR,KAB. SUMBA BARAT DAYA,Kodi
NUSA TENGGARA TIMUR,KAB. SUMBA BARAT DAYA,Kodi Utara
NUSA TENGGARA TIMUR,KAB. SUMBA BARAT DAYA,Kota Tambolaka
NUSA TENGGARA TIMUR,KAB. SUMBA BARAT DAYA,Wewewa Tengah
NUSA TENGGARA TIMUR,KAB. SUMBA BARAT DAYA,Kodi Balaghar
NUSA TENGGARA TIMUR,KAB. MANGGARAI TIMUR,Borong
NUSA TENGGARA TIMUR,KAB. MANGGARAI TIMUR,Lamba Leda Selatan
NUSA TENGGARA TIMUR,KAB. MANGGARAI TIMUR,Lamba Leda
NUSA TENGGARA TIMUR,KAB. MANGGARAI TIMUR,Sambi Rampas
NUSA TENGGARA TIMUR,KAB. MANGGARAI TIMUR,Elar
NUSA TENGGARA TIMUR,KAB. MANGGARAI TIMUR,Kota Komba
NUSA TENGGARA TIMUR,KAB. MANGGARAI TIMUR,Rana Mese
NUSA TENGGARA TIMUR,KAB. MANGGARAI TIMUR,Lamba Leda Timur
NUSA TENGGARA TIMUR,KAB. MANGGARAI TIMUR,Elar Selatan
NUSA TENGGARA TIMUR,KAB. MANGGARAI TIMUR,Kota Komba Utara
NUSA TENGGARA TIMUR,KAB. MANGGARAI TIMUR,Lamba Leda Utara
NUSA TENGGARA TIMUR,KAB. MANGGARAI TIMUR,Congkar
NUSA TENGGARA TIMUR,KAB. SABU RAIJUA,Sabu Barat
NUSA TENGGARA TIMUR,KAB. SABU RAIJUA,Sabu Tengah
NUSA TENGGARA TIMUR,KAB. SABU RAIJUA,Sabu Timur
NUSA TENGGARA TIMUR,KAB. SABU RAIJUA,Sabu Liae
NUSA TENGGARA TIMUR,KAB. SABU RAIJUA,Hawu Mehara
NUSA TENGGARA TIMUR,KAB. SABU RAIJUA,Raijua
NUSA TENGGARA TIMUR,KAB. MALAKA,Malaka Tengah
NUSA TENGGARA TIMUR,KAB. MALAKA,Malaka Barat
NUSA TENGGARA TIMUR,KAB. MALAKA,Wewiku
NUSA TENGGARA TIMUR,KAB. MALAKA,Weliman
NUSA TENGGARA TIMUR,KAB. MALAKA,Rinhat
NUSA TENGGARA TIMUR,KAB. MALAKA,Io Kufeu
NUSA TENGGARA TIMUR,KAB. MALAKA,Sasitamean
NUSA TENGGARA TIMUR,KAB. MALAKA,Laenmanen
NUSA TENGGARA TIMUR,KAB. MALAKA,Malaka Timur
NUSA TENGGARA TIMUR,KAB. MALAKA,Kobalima Timur
NUSA TENGGARA TIMUR,KAB. MALAKA,Kobalima
NUSA TENGGARA TIMUR,KAB. MALAKA,Botin Leobele
NUSA TENGGARA TIMUR,KOTA KUPANG,Alak
NUSA TENGGARA TIMUR,KOTA KUPANG,Maulafa
NUSA TENGGARA TIMUR,KOTA KUPANG,Kelapa Lima
NUSA TENGGARA TIMUR,KOTA KUPANG,Oebobo
NUSA TENGGARA TIMUR,KOTA KUPANG,Kota Raja
NUSA TENGGARA TIMUR,KOTA KUPANG,Kota Lama
KALIMANTAN BARAT,KAB. SAMBAS,Sambas
KALIMANTAN BARAT,KAB. SAMBAS,Teluk Keramat
KALIMANTAN BARAT,KAB. SAMBAS,Jawai
KALIMANTAN BARAT,KAB. SAMBAS,Tebas
KALIMANTAN BARAT,KAB. SAMBAS,Pemangkat
KALIMANTAN BARAT,KAB. SAMBAS,Sejangkung
KALIMANTAN BARAT,KAB. SAMBAS,Selakau
KALIMANTAN BARAT,KAB. SAMBAS,Paloh
KALIMANTAN BARAT,KAB. SAMBAS,Sajingan Besar
KALIMANTAN BARAT,KAB. SAMBAS,Subah
KALIMANTAN BARAT,KAB. SAMBAS,Galing
KALIMANTAN BARAT,KAB. SAMBAS,Tekarang
KALIMANTAN BARAT,KAB. SAMBAS,Semparuk
KALIMANTAN BARAT,KAB. SAMBAS,Sajad
KALIMANTAN BARAT,KAB. SAMBAS,Sebawi
KALIMANTAN BARAT,KAB. SAMBAS,Jawai Selatan
KALIMANTAN BARAT,KAB. SAMBAS,Tangaran
KALIMANTAN BARAT,KAB. SAMBAS,Salatiga
KALIMANTAN BARAT,KAB. SAMBAS,Selakau Timur
KALIMANTAN BARAT,KAB. MEMPAWAH,Mempawah Hilir
KALIMANTAN BARAT,KAB. MEMPAWAH,Toho
KALIMANTAN BARAT,KAB. MEMPAWAH,Sungai Pinyuh
KALIMANTAN BARAT,KAB. MEMPAWAH,Jongkat
KALIMANTAN BARAT,KAB. MEMPAWAH,Sungai Kunyit
KALIMANTAN BARAT,KAB. MEMPAWAH,Segedong
KALIMANTAN BARAT,KAB. MEMPAWAH,Anjongan
KALIMANTAN BARAT,KAB. MEMPAWAH,Sadaniang
KALIMANTAN BARAT,KAB. MEMPAWAH,Mempawah Timur
KALIMANTAN BARAT,KAB. SANGGAU,Kapuas
KALIMANTAN BARAT,KAB. SANGGAU,Mukok
KALIMANTAN BARAT,KAB. SANGGAU,Noyan
KALIMANTAN BARAT,KAB. SANGGAU,Jangkang
KALIMANTAN BARAT,KAB. SANGGAU,Bonti
KALIMANTAN BARAT,KAB. SANGGAU,Beduai
KALIMANTAN BARAT,KAB. SANGGAU,Sekayam
KALIMANTAN BARAT,KAB. SANGGAU,Kembayan
KALIMANTAN BARAT,KAB. SANGGAU,Parindu
KALIMANTAN BARAT,KAB. SANGGAU,Tayan Hulu
KALIMANTAN BARAT,KAB. SANGGAU,Tayan Hilir
KALIMANTAN BARAT,KAB. SANGGAU,Balai
KALIMANTAN BARAT,KAB. SANGGAU,Toba
KALIMANTAN BARAT,KAB. SANGGAU,Meliau
KALIMANTAN BARAT,KAB. SANGGAU,Entikong
KALIMANTAN BARAT,KAB. KETAPANG,Matan Hilir Utara
KALIMANTAN BARAT,KAB. KETAPANG,Marau
KALIMANTAN BARAT,KAB. KETAPANG,Manis Mata
KALIMANTAN BARAT,KAB. KETAPANG,Kendawangan
KALIMANTAN BARAT,KAB. KETAPANG,Sandai
KALIMANTAN BARAT,KAB. KETAPANG,Sungai Laur
KALIMANTAN BARAT,KAB. KETAPANG,Simpang Hulu
KALIMANTAN BARAT,KAB. KETAPANG,Nanga Tayap
KALIMANTAN BARAT,KAB. KETAPANG,Matan Hilir Selatan
KALIMANTAN BARAT,KAB. KETAPANG,Tumbang Titi
KALIMANTAN BARAT,KAB. KETAPANG,Jelai Hulu
KALIMANTAN BARAT,KAB. KETAPANG,Delta Pawan
KALIMANTAN BARAT,KAB. KETAPANG,Muara Pawan
KALIMANTAN BARAT,KAB. KETAPANG,Benua Kayong
KALIMANTAN BARAT,KAB. KETAPANG,Hulu Sungai
KALIMANTAN BARAT,KAB. KETAPANG,Simpang Dua
KALIMANTAN BARAT,KAB. KETAPANG,Air Upas
KALIMANTAN BARAT,KAB. KETAPANG,Singkup
KALIMANTAN BARAT,KAB. KETAPANG,Pemahan
KALIMANTAN BARAT,KAB. KETAPANG,Sungai Melayu Rayak
KALIMANTAN BARAT,KAB. SINTANG,Sintang
KALIMANTAN BARAT,KAB. SINTANG,Tempunak
KALIMANTAN BARAT,KAB. SINTANG,Sepauk
KALIMANTAN BARAT,KAB. SINTANG,Ketungau Hilir
KALIMANTAN BARAT,KAB. SINTANG,Ketungau Tengah
KALIMANTAN BARAT,KAB. SINTANG,Ketungau Hulu
KALIMANTAN BARAT,KAB. SINTANG,Dedai
KALIMANTAN BARAT,KAB. SINTANG,Kayan Hilir
KALIMANTAN BARAT,KAB. SINTANG,Kayan Hulu
KALIMANTAN BARAT,KAB. SINTANG,Serawai
KALIMANTAN BARAT,KAB. SINTANG,Ambalau
KALIMANTAN BARAT,KAB. SINTANG,Kelam Permai
KALIMANTAN BARAT,KAB. SINTANG,Sungai Tebelian
KALIMANTAN BARAT,KAB. SINTANG,Binjai Hulu
KALIMANTAN BARAT,KAB. KAPUAS HULU,Putussibau Utara
KALIMANTAN BARAT,KAB. KAPUAS HULU,Bika
KALIMANTAN BARAT,KAB. KAPUAS HULU,Embaloh Hilir
KALIMANTAN BARAT,KAB. KAPUAS HULU,Embaloh Hulu
KALIMANTAN BARAT,KAB. KAPUAS HULU,Bunut Hilir
KALIMANTAN BARAT,KAB. KAPUAS HULU,Bunut Hulu
KALIMANTAN BARAT,KAB. KAPUAS HULU,Jongkong
KALIMANTAN BARAT,KAB. KAPUAS HULU,Hulu Gurung
KALIMANTAN BARAT,KAB. KAPUAS HULU,Selimbau
KALIMANTAN BARAT,KAB. KAPUAS HULU,Semitau
KALIMANTAN BARAT,KAB. KAPUAS HULU,Seberuang
KALIMANTAN BARAT,KAB. KAPUAS HULU,Batang Lupar
KALIMANTAN BARAT,KAB. KAPUAS HULU,Empanang
KALIMANTAN BARAT,KAB. KAPUAS HULU,Badau
KALIMANTAN BARAT,KAB. KAPUAS HULU,Silat Hilir
KALIMANTAN BARAT,KAB. KAPUAS HULU,Silat Hulu
KALIMANTAN BARAT,KAB. KAPUAS HULU,Putussibau Selatan
KALIMANTAN BARAT,KAB. KAPUAS HULU,Kalis
KALIMANTAN BARAT,KAB. KAPUAS HULU,Boyan Tanjung
KALIMANTAN BARAT,KAB. KAPUAS HULU,Mentebah
KALIMANTAN BARAT,KAB. KAPUAS HULU,Pengkadan
KALIMANTAN BARAT,KAB. KAPUAS HULU,Suhaid
KALIMANTAN BARAT,KAB. KAPUAS HULU,Puring Kencana
KALIMANTAN BARAT,KAB. BENGKAYANG,Sungai Raya
KALIMANTAN BARAT,KAB. BENGKAYANG,Samalantan
KALIMANTAN BARAT,KAB. BENGKAYANG,Ledo
KALIMANTAN BARAT,KAB. BENGKAYANG,Bengkayang
KALIMANTAN BARAT,KAB. BENGKAYANG,Seluas
KALIMANTAN BARAT,KAB. BENGKAYANG,Sanggau Ledo
KALIMANTAN BARAT,KAB. BENGKAYANG,Jagoi Babang
KALIMANTAN BARAT,KAB. BENGKAYANG,Monterado
KALIMANTAN BARAT,KAB. BENGKAYANG,Teriak
KALIMANTAN BARAT,KAB. BENGKAYANG,Suti Semarang
KALIMANTAN BARAT,KAB. BENGKAYANG,Capkala
KALIMANTAN BARAT,KAB. BENGKAYANG,Siding
KALIMANTAN BARAT,KAB. BENGKAYANG,Lumar
KALIMANTAN BARAT,KAB. BENGKAYANG,Sungai Betung
KALIMANTAN BARAT,KAB. BENGKAYANG,Sungai Raya Kepulauan
KALIMANTAN BARAT,KAB. BENGKAYANG,Lembah Bawang
KALIMANTAN BARAT,KAB. BENGKAYANG,Tujuh Belas
KALIMANTAN BARAT,KAB. LANDAK,Ngabang
KALIMANTAN BARAT,KAB. LANDAK,Mempawah Hulu
KALIMANTAN BARAT,KAB. LANDAK,Menjalin
KALIMANTAN BARAT,KAB. LANDAK,Mandor
KALIMANTAN BARAT,KAB. LANDAK,Air Besar
KALIMANTAN BARAT,KAB. LANDAK,Menyuke
KALIMANTAN BARAT,KAB. LANDAK,Sengah Temila
KALIMANTAN BARAT,KAB. LANDAK,Meranti
KALIMANTAN BARAT,KAB. LANDAK,Kuala Behe
KALIMANTAN BARAT,KAB. LANDAK,Sebangki
KALIMANTAN BARAT,KAB. LANDAK,Jelimpo
KALIMANTAN BARAT,KAB. LANDAK,Banyuke Hulu
KALIMANTAN BARAT,KAB. LANDAK,Sompak
KALIMANTAN BARAT,KAB. SEKADAU,Sekadau Hilir
KALIMANTAN BARAT,KAB. SEKADAU,Sekadau Hulu
KALIMANTAN BARAT,KAB. SEKADAU,Nanga Taman
KALIMANTAN BARAT,KAB. SEKADAU,Nanga Mahap
KALIMANTAN BARAT,KAB. SEKADAU,Belitang Hilir
KALIMANTAN BARAT,KAB. SEKADAU,Belitang Hulu
KALIMANTAN BARAT,KAB. SEKADAU,Belitang
KALIMANTAN BARAT,KAB. MELAWI,Belimbing
KALIMANTAN BARAT,KAB. MELAWI,Nanga Pinoh
KALIMANTAN BARAT,KAB. MELAWI,Ella Hilir
KALIMANTAN BARAT,KAB. MELAWI,Menukung
KALIMANTAN BARAT,KAB. MELAWI,Sayan
KALIMANTAN BARAT,KAB. MELAWI,Tanah Pinoh
KALIMANTAN BARAT,KAB. MELAWI,Sokan
KALIMANTAN BARAT,KAB. MELAWI,Pinoh Utara
KALIMANTAN BARAT,KAB. MELAWI,Pinoh Selatan
KALIMANTAN BARAT,KAB. MELAWI,Belimbing Hulu
KALIMANTAN BARAT,KAB. MELAWI,Tanah Pinoh Barat
KALIMANTAN BARAT,KAB. KAYONG UTARA,Sukadana
KALIMANTAN BARAT,KAB. KAYONG UTARA,Simpang Hilir
KALIMANTAN BARAT,KAB. KAYONG UTARA,Teluk Batang
KALIMANTAN BARAT,KAB. KAYONG UTARA,Pulau Maya
KALIMANTAN BARAT,KAB. KAYONG UTARA,Seponti
KALIMANTAN BARAT,KAB. KAYONG UTARA,Kepulauan Karimata
KALIMANTAN BARAT,KAB. KUBU RAYA,Sungai Raya
KALIMANTAN BARAT,KAB. KUBU RAYA,Kuala Mandor B
KALIMANTAN BARAT,KAB. KUBU RAYA,Sungai Ambawang
KALIMANTAN BARAT,KAB. KUBU RAYA,Terentang
KALIMANTAN BARAT,KAB. KUBU RAYA,Batu Ampar
KALIMANTAN BARAT,KAB. KUBU RAYA,Kubu
KALIMANTAN BARAT,KAB. KUBU RAYA,Rasau Jaya
KALIMANTAN BARAT,KAB. KUBU RAYA,Teluk Pakedai
KALIMANTAN BARAT,KAB. KUBU RAYA,Sungai Kakap
KALIMANTAN BARAT,KOTA PONTIANAK,Pontianak Selatan
KALIMANTAN BARAT,KOTA PONTIANAK,Pontianak Timur
KALIMANTAN BARAT,KOTA PONTIANAK,Pontianak Barat
KALIMANTAN BARAT,KOTA PONTIANAK,Pontianak Utara
KALIMANTAN BARAT,KOTA PONTIANAK,Pontianak Kota
KALIMANTAN BARAT,KOTA PONTIANAK,Pontianak Tenggara
KALIMANTAN BARAT,KOTA SINGKAWANG,Singkawang Tengah
KALIMANTAN BARAT,KOTA SINGKAWANG,Singkawang Barat
KALIMANTAN BARAT,KOTA SINGKAWANG,Singkawang Timur
KALIMANTAN BARAT,KOTA SINGKAWANG,Singkawang Utara
KALIMANTAN BARAT,KOTA SINGKAWANG,Singkawang Selatan
KALIMANTAN TENGAH,KAB. KOTAWARINGIN BARAT,Kumai
KALIMANTAN TENGAH,KAB. KOTAWARINGIN BARAT,Arut Selatan
KALIMANTAN TENGAH,KAB. KOTAWARINGIN BARAT,Kotawaringin Lama
KALIMANTAN TENGAH,KAB. KOTAWARINGIN BARAT,Arut Utara
KALIMANTAN TENGAH,KAB. KOTAWARINGIN BARAT,Pangkalan Lada
KALIMANTAN TENGAH,KAB. KOTAWARINGIN BARAT,Pangkalan Banteng
KALIMANTAN TENGAH,KAB. KOTAWARINGIN TIMUR,Kota Besi
KALIMANTAN TENGAH,KAB. KOTAWARINGIN TIMUR,Cempaga
KALIMANTAN TENGAH,KAB. KOTAWARINGIN TIMUR,Mentaya Hulu
KALIMANTAN TENGAH,KAB. KOTAWARINGIN TIMUR,Parenggean
KALIMANTAN TENGAH,KAB. KOTAWARINGIN TIMUR,Baamang
KALIMANTAN TENGAH,KAB. KOTAWARINGIN TIMUR,Mentawa Baru Ketapang
KALIMANTAN TENGAH,KAB. KOTAWARINGIN TIMUR,Mentaya Hilir Utara
KALIMANTAN TENGAH,KAB. KOTAWARINGIN TIMUR,Mentaya Hilir Selatan
KALIMANTAN TENGAH,KAB. KOTAWARINGIN TIMUR,Pulau Hanaut
KALIMANTAN TENGAH,KAB. KOTAWARINGIN TIMUR,Antang Kalang
KALIMANTAN TENGAH,KAB. KOTAWARINGIN TIMUR,Teluk Sampit
KALIMANTAN TENGAH,KAB. KOTAWARINGIN TIMUR,Seranau
KALIMANTAN TENGAH,KAB. KOTAWARINGIN TIMUR,Cempaga Hulu
KALIMANTAN TENGAH,KAB. KOTAWARINGIN TIMUR,Telawang
KALIMANTAN TENGAH,KAB. KOTAWARINGIN TIMUR,Bukit Santuai
KALIMANTAN TENGAH,KAB. KOTAWARINGIN TIMUR,Tualan Hulu
KALIMANTAN TENGAH,KAB. KOTAWARINGIN TIMUR,Telaga Antang
KALIMANTAN TENGAH,KAB. KAPUAS,Selat
KALIMANTAN TENGAH,KAB. KAPUAS,Kapuas Hilir
KALIMANTAN TENGAH,KAB. KAPUAS,Kapuas Timur
KALIMANTAN TENGAH,KAB. KAPUAS,Kapuas Kuala
KALIMANTAN TENGAH,KAB. KAPUAS,Kapuas Barat
KALIMANTAN TENGAH,KAB. KAPUAS,Pulau Petak
KALIMANTAN TENGAH,KAB. KAPUAS,Kapuas Murung
KALIMANTAN TENGAH,KAB. KAPUAS,Basarang
KALIMANTAN TENGAH,KAB. KAPUAS,Mantangai
KALIMANTAN TENGAH,KAB. KAPUAS,Timpah
KALIMANTAN TENGAH,KAB. KAPUAS,Kapuas Tengah
KALIMANTAN TENGAH,KAB. KAPUAS,Kapuas Hulu
KALIMANTAN TENGAH,KAB. KAPUAS,Tamban Catur
KALIMANTAN TENGAH,KAB. KAPUAS,Pasak Talawang
KALIMANTAN TENGAH,KAB. KAPUAS,Mandau Talawang
KALIMANTAN TENGAH,KAB. KAPUAS,Dadahup
KALIMANTAN TENGAH,KAB. KAPUAS,Bataguh
KALIMANTAN TENGAH,KAB. BARITO SELATAN,Jenamas
KALIMANTAN TENGAH,KAB. BARITO SELATAN,Dusun Hilir
KALIMANTAN TENGAH,KAB. BARITO SELATAN,Karau Kuala
KALIMANTAN TENGAH,KAB. BARITO SELATAN,Dusun Utara
KALIMANTAN TENGAH,KAB. BARITO SELATAN,Gn. Bintang Awai
KALIMANTAN TENGAH,KAB. BARITO SELATAN,Dusun Selatan
KALIMANTAN TENGAH,KAB. BARITO UTARA,Montallat
KALIMANTAN TENGAH,KAB. BARITO UTARA,Gunung Timang
KALIMANTAN TENGAH,KAB. BARITO UTARA,Gunung Purei
KALIMANTAN TENGAH,KAB. BARITO UTARA,Teweh Timur
KALIMANTAN TENGAH,KAB. BARITO UTARA,Teweh Tengah
KALIMANTAN TENGAH,KAB. BARITO UTARA,Lahei
KALIMANTAN TENGAH,KAB. BARITO UTARA,Teweh Baru
KALIMANTAN TENGAH,KAB. BARITO UTARA,Teweh Selatan
KALIMANTAN TENGAH,KAB. BARITO UTARA,Lahei Barat
KALIMANTAN TENGAH,KAB. KATINGAN,Kamipang
KALIMANTAN TENGAH,KAB. KATINGAN,Katingan Hilir
KALIMANTAN TENGAH,KAB. KATINGAN,Tewang Sangalang Garing
KALIMANTAN TENGAH,KAB. KATINGAN,Pulau Malan
KALIMANTAN TENGAH,KAB. KATINGAN,Katingan Tengah
KALIMANTAN TENGAH,KAB. KATINGAN,Sanaman Mantikei
KALIMANTAN TENGAH,KAB. KATINGAN,Marikit
KALIMANTAN TENGAH,KAB. KATINGAN,Katingan Hulu
KALIMANTAN TENGAH,KAB. KATINGAN,Mendawai
KALIMANTAN TENGAH,KAB. KATINGAN,Katingan Kuala
KALIMANTAN TENGAH,KAB. KATINGAN,Tasik Payawan
KALIMANTAN TENGAH,KAB. KATINGAN,Petak Malai
KALIMANTAN TENGAH,KAB. KATINGAN,Bukit Raya
KALIMANTAN TENGAH,KAB. SERUYAN,Seruyan Hilir
KALIMANTAN TENGAH,KAB. SERUYAN,Seruyan Tengah
KALIMANTAN TENGAH,KAB. SERUYAN,Danau Sembuluh
KALIMANTAN TENGAH,KAB. SERUYAN,Hanau
KALIMANTAN TENGAH,KAB. SERUYAN,Seruyan Hulu
KALIMANTAN TENGAH,KAB. SERUYAN,Seruyan Hilir Timur
KALIMANTAN TENGAH,KAB. SERUYAN,Seruyan Raya
KALIMANTAN TENGAH,KAB. SERUYAN,Danau Seluluk
KALIMANTAN TENGAH,KAB. SERUYAN,Batu Ampar
KALIMANTAN TENGAH,KAB. SERUYAN,Suling Tambun
KALIMANTAN TENGAH,KAB. SUKAMARA,Sukamara
KALIMANTAN TENGAH,KAB. SUKAMARA,Jelai
KALIMANTAN TENGAH,KAB. SUKAMARA,Balai Riam
KALIMANTAN TENGAH,KAB. SUKAMARA,Pantai Lunci
KALIMANTAN TENGAH,KAB. SUKAMARA,Permata Kecubung
KALIMANTAN TENGAH,KAB. LAMANDAU,Lamandau
KALIMANTAN TENGAH,KAB. LAMANDAU,Delang
KALIMANTAN TENGAH,KAB. LAMANDAU,Bulik
KALIMANTAN TENGAH,KAB. LAMANDAU,Bulik Timur
KALIMANTAN TENGAH,KAB. LAMANDAU,Menthobi Raya
KALIMANTAN TENGAH,KAB. LAMANDAU,Sematu Jaya
KALIMANTAN TENGAH,KAB. LAMANDAU,Belantikan Raya
KALIMANTAN TENGAH,KAB. LAMANDAU,Batang Kawa
KALIMANTAN TENGAH,KAB. GUNUNG MAS,Sepang
KALIMANTAN TENGAH,KAB. GUNUNG MAS,Kurun
KALIMANTAN TENGAH,KAB. GUNUNG MAS,Tewah
KALIMANTAN TENGAH,KAB. GUNUNG MAS,Kahayan Hulu Utara
KALIMANTAN TENGAH,KAB. GUNUNG MAS,Rungan
KALIMANTAN TENGAH,KAB. GUNUNG MAS,Manuhing
KALIMANTAN TENGAH,KAB. GUNUNG MAS,Mihing Raya
KALIMANTAN TENGAH,KAB. GUNUNG MAS,Damang Batu
KALIMANTAN TENGAH,KAB. GUNUNG MAS,Miri Manasa
KALIMANTAN TENGAH,KAB. GUNUNG MAS,Rungan Hulu
KALIMANTAN TENGAH,KAB. GUNUNG MAS,Manuhing Raya
KALIMANTAN TENGAH,KAB. GUNUNG MAS,Rungan Barat
KALIMANTAN TENGAH,KAB. PULANG PISAU,Pandih Batu
KALIMANTAN TENGAH,KAB. PULANG PISAU,Kahayan Kuala
KALIMANTAN TENGAH,KAB. PULANG PISAU,Kahayan Tengah
KALIMANTAN TENGAH,KAB. PULANG PISAU,Banama Tingang
KALIMANTAN TENGAH,KAB. PULANG PISAU,Kahayan Hilir
KALIMANTAN TENGAH,KAB. PULANG PISAU,Maliku
KALIMANTAN TENGAH,KAB. PULANG PISAU,Jabiren Raya
KALIMANTAN TENGAH,KAB. PULANG PISAU,Sebangau Kuala
KALIMANTAN TENGAH,KAB. MURUNG RAYA,Murung
KALIMANTAN TENGAH,KAB. MURUNG RAYA,Tanah Siang
KALIMANTAN TENGAH,KAB. MURUNG RAYA,Laung Tuhup
KALIMANTAN TENGAH,KAB. MURUNG RAYA,Permata Intan
KALIMANTAN TENGAH,KAB. MURUNG RAYA,Sumber Barito
KALIMANTAN TENGAH,KAB. MURUNG RAYA,Barito Tuhup Raya
KALIMANTAN TENGAH,KAB. MURUNG RAYA,Tanah Siang Selatan
KALIMANTAN TENGAH,KAB. MURUNG RAYA,Sungai Babuat
KALIMANTAN TENGAH,KAB. MURUNG RAYA,Seribu Riam
KALIMANTAN TENGAH,KAB. MURUNG RAYA,Uut Murung
KALIMANTAN TENGAH,KAB. BARITO TIMUR,Dusun Timur
KALIMANTAN TENGAH,KAB. BARITO TIMUR,Banua Lima
KALIMANTAN TENGAH,KAB. BARITO TIMUR,Patangkep Tutui
KALIMANTAN TENGAH,KAB. BARITO TIMUR,Awang
KALIMANTAN TENGAH,KAB. BARITO TIMUR,Dusun Tengah
KALIMANTAN TENGAH,KAB. BARITO TIMUR,Pematang Karau
KALIMANTAN TENGAH,KAB. BARITO TIMUR,Paju Epat
KALIMANTAN TENGAH,KAB. BARITO TIMUR,Raren Batuah
KALIMANTAN TENGAH,KAB. BARITO TIMUR,Paku
KALIMANTAN TENGAH,KAB. BARITO TIMUR,Karusen Janang
KALIMANTAN TENGAH,KOTA PALANGKARAYA,Pahandut
KALIMANTAN TENGAH,KOTA PALANGKARAYA,Bukit Batu
KALIMANTAN TENGAH,KOTA PALANGKARAYA,Jekan Raya
KALIMANTAN TENGAH,KOTA PALANGKARAYA,Sabangau
KALIMANTAN TENGAH,KOTA PALANGKARAYA,Rakumpit
KALIMANTAN SELATAN,KAB. TANAH LAUT,Takisung
KALIMANTAN SELATAN,KAB. TANAH LAUT,Jorong
KALIMANTAN SELATAN,KAB. TANAH LAUT,Pelaihari
KALIMANTAN SELATAN,KAB. TANAH LAUT,Kurau
KALIMANTAN SELATAN,KAB. TANAH LAUT,Bati Bati
KALIMANTAN SELATAN,KAB. TANAH LAUT,Panyipatan
KALIMANTAN SELATAN,KAB. TANAH LAUT,Kintap
KALIMANTAN SELATAN,KAB. TANAH LAUT,Tambang Ulang
KALIMANTAN SELATAN,KAB. TANAH LAUT,Batu Ampar
KALIMANTAN SELATAN,KAB. TANAH LAUT,Bajuin
KALIMANTAN SELATAN,KAB. TANAH LAUT,Bumi Makmur
KALIMANTAN SELATAN,KAB. KOTABARU,Pulau Sembilan
KALIMANTAN SELATAN,KAB. KOTABARU,Pulau Laut Barat
KALIMANTAN SELATAN,KAB. KOTABARU,Pulau Laut Selatan
KALIMANTAN SELATAN,KAB. KOTABARU,Pulau Laut Timur
KALIMANTAN SELATAN,KAB. KOTABARU,Pulau Sebuku
KALIMANTAN SELATAN,KAB. KOTABARU,Pulaulaut Utara
KALIMANTAN SELATAN,KAB. KOTABARU,Kelumpang Selatan
KALIMANTAN SELATAN,KAB. KOTABARU,Kelumpang Hulu
KALIMANTAN SELATAN,KAB. KOTABARU,Kelumpang Tengah
KALIMANTAN SELATAN,KAB. KOTABARU,Kelumpang Utara
KALIMANTAN SELATAN,KAB. KOTABARU,Pamukan Selatan
KALIMANTAN SELATAN,KAB. KOTABARU,Sampanahan
KALIMANTAN SELATAN,KAB. KOTABARU,Pamukan Utara
KALIMANTAN SELATAN,KAB. KOTABARU,Hampang
KALIMANTAN SELATAN,KAB. KOTABARU,Sungai Durian
KALIMANTAN SELATAN,KAB. KOTABARU,Pulau Laut Tengah
KALIMANTAN SELATAN,KAB. KOTABARU,Kelumpang Hilir
KALIMANTAN SELATAN,KAB. KOTABARU,Kelumpang Barat
KALIMANTAN SELATAN,KAB. KOTABARU,Pamukan Barat
KALIMANTAN SELATAN,KAB. KOTABARU,Pulau Laut Kepulauan
KALIMANTAN SELATAN,KAB. KOTABARU,Pulau Laut Tanjung Selayar
KALIMANTAN SELATAN,KAB. KOTABARU,Pulaulaut Sigam
KALIMANTAN SELATAN,KAB. BANJAR,Aluh Aluh
KALIMANTAN SELATAN,KAB. BANJAR,Kertak Hanyar
KALIMANTAN SELATAN,KAB. BANJAR,Gambut
KALIMANTAN SELATAN,KAB. BANJAR,Sungai Tabuk
KALIMANTAN SELATAN,KAB. BANJAR,Martapura
KALIMANTAN SELATAN,KAB. BANJAR,Karang Intan
KALIMANTAN SELATAN,KAB. BANJAR,Astambul
KALIMANTAN SELATAN,KAB. BANJAR,Simpang Empat
KALIMANTAN SELATAN,KAB. BANJAR,Pengaron
KALIMANTAN SELATAN,KAB. BANJAR,Sungai Pinang
KALIMANTAN SELATAN,KAB. BANJAR,Aranio
KALIMANTAN SELATAN,KAB. BANJAR,Mataraman
KALIMANTAN SELATAN,KAB. BANJAR,Beruntung Baru
KALIMANTAN SELATAN,KAB. BANJAR,Martapura Barat
KALIMANTAN SELATAN,KAB. BANJAR,Martapura Timur
KALIMANTAN SELATAN,KAB. BANJAR,Sambung Makmur
KALIMANTAN SELATAN,KAB. BANJAR,Paramasan
KALIMANTAN SELATAN,KAB. BANJAR,Telaga Bauntung
KALIMANTAN SELATAN,KAB. BANJAR,Tatah Makmur
KALIMANTAN SELATAN,KAB. BANJAR,Cintapuri Darussalam
KALIMANTAN SELATAN,KAB. BARITO KUALA,Tabunganen
KALIMANTAN SELATAN,KAB. BARITO KUALA,Tamban
KALIMANTAN SELATAN,KAB. BARITO KUALA,Anjir Pasar
KALIMANTAN SELATAN,KAB. BARITO KUALA,Anjir Muara
KALIMANTAN SELATAN,KAB. BARITO KUALA,Alalak
KALIMANTAN SELATAN,KAB. BARITO KUALA,Mandastana
KALIMANTAN SELATAN,KAB. BARITO KUALA,Rantau Badauh
KALIMANTAN SELATAN,KAB. BARITO KUALA,Belawang
KALIMANTAN SELATAN,KAB. BARITO KUALA,Cerbon
KALIMANTAN SELATAN,KAB. BARITO KUALA,Bakumpai
KALIMANTAN SELATAN,KAB. BARITO KUALA,Kuripan
KALIMANTAN SELATAN,KAB. BARITO KUALA,Tabukan
KALIMANTAN SELATAN,KAB. BARITO KUALA,Mekarsari
KALIMANTAN SELATAN,KAB. BARITO KUALA,Barambai
KALIMANTAN SELATAN,KAB. BARITO KUALA,Marabahan
KALIMANTAN SELATAN,KAB. BARITO KUALA,Wanaraya
KALIMANTAN SELATAN,KAB. BARITO KUALA,Jejangkit
KALIMANTAN SELATAN,KAB. TAPIN,Binuang
KALIMANTAN SELATAN,KAB. TAPIN,Tapin Selatan
KALIMANTAN SELATAN,KAB. TAPIN,Tapin Tengah
KALIMANTAN SELATAN,KAB. TAPIN,Tapin Utara
KALIMANTAN SELATAN,KAB. TAPIN,Candi Laras Selatan
KALIMANTAN SELATAN,KAB. TAPIN,Candi Laras Utara
KALIMANTAN SELATAN,KAB. TAPIN,Bakarangan
KALIMANTAN SELATAN,KAB. TAPIN,Piani
KALIMANTAN SELATAN,KAB. TAPIN,Bungur
KALIMANTAN SELATAN,KAB. TAPIN,Lokpaikat
KALIMANTAN SELATAN,KAB. TAPIN,Salam Babaris
KALIMANTAN SELATAN,KAB. TAPIN,Hatungun
KALIMANTAN SELATAN,KAB. HULU SUNGAI SELATAN,Sungai Raya
KALIMANTAN SELATAN,KAB. HULU SUNGAI SELATAN,Padang Batung
KALIMANTAN SELATAN,KAB. HULU SUNGAI SELATAN,Telaga Langsat
KALIMANTAN SELATAN,KAB. HULU SUNGAI SELATAN,Angkinang
KALIMANTAN SELATAN,KAB. HULU SUNGAI SELATAN,Kandangan
KALIMANTAN SELATAN,KAB. HULU SUNGAI SELATAN,Simpur
KALIMANTAN SELATAN,KAB. HULU SUNGAI SELATAN,Daha Selatan
KALIMANTAN SELATAN,KAB. HULU SUNGAI SELATAN,Daha Utara
KALIMANTAN SELATAN,KAB. HULU SUNGAI SELATAN,Kalumpang
KALIMANTAN SELATAN,KAB. HULU SUNGAI SELATAN,Loksado
KALIMANTAN SELATAN,KAB. HULU SUNGAI SELATAN,Daha Barat
KALIMANTAN SELATAN,KAB. HULU SUNGAI TENGAH,Haruyan
KALIMANTAN SELATAN,KAB. HULU SUNGAI TENGAH,Batu Benawa
KALIMANTAN SELATAN,KAB. HULU SUNGAI TENGAH,Labuan Amas Selatan
KALIMANTAN SELATAN,KAB. HULU SUNGAI TENGAH,Labuan Amas Utara
KALIMANTAN SELATAN,KAB. HULU SUNGAI TENGAH,Pandawan
KALIMANTAN SELATAN,KAB. HULU SUNGAI TENGAH,Barabai
KALIMANTAN SELATAN,KAB. HULU SUNGAI TENGAH,Batang Alai Selatan
KALIMANTAN SELATAN,KAB. HULU SUNGAI TENGAH,Batang Alai Utara
KALIMANTAN SELATAN,KAB. HULU SUNGAI TENGAH,Hantakan
KALIMANTAN SELATAN,KAB. HULU SUNGAI TENGAH,Batang Alai Timur
KALIMANTAN SELATAN,KAB. HULU SUNGAI TENGAH,Limpasu
KALIMANTAN SELATAN,KAB. HULU SUNGAI UTARA,Danau Panggang
KALIMANTAN SELATAN,KAB. HULU SUNGAI UTARA,Babirik
KALIMANTAN SELATAN,KAB. HULU SUNGAI UTARA,Sungai Pandan
KALIMANTAN SELATAN,KAB. HULU SUNGAI UTARA,Amuntai Selatan
KALIMANTAN SELATAN,KAB. HULU SUNGAI UTARA,Amuntai Tengah
KALIMANTAN SELATAN,KAB. HULU SUNGAI UTARA,Amuntai Utara
KALIMANTAN SELATAN,KAB. HULU SUNGAI UTARA,Banjang
KALIMANTAN SELATAN,KAB. HULU SUNGAI UTARA,Haur Gading
KALIMANTAN SELATAN,KAB. HULU SUNGAI UTARA,Paminggir
KALIMANTAN SELATAN,KAB. HULU SUNGAI UTARA,Sungai Tabukan
KALIMANTAN SELATAN,KAB. TABALONG,Banua Lawas
KALIMANTAN SELATAN,KAB. TABALONG,Kelua
KALIMANTAN SELATAN,KAB. TABALONG,Tanta
KALIMANTAN SELATAN,KAB. TABALONG,Tanjung
KALIMANTAN SELATAN,KAB. TABALONG,Haruai
KALIMANTAN SELATAN,KAB. TABALONG,Murung Pudak
KALIMANTAN SELATAN,KAB. TABALONG,Muara Uya
KALIMANTAN SELATAN,KAB. TABALONG,Muara Harus
KALIMANTAN SELATAN,KAB. TABALONG,Pugaan
KALIMANTAN SELATAN,KAB. TABALONG,Upau
KALIMANTAN SELATAN,KAB. TABALONG,Jaro
KALIMANTAN SELATAN,KAB. TABALONG,Bintang Ara
KALIMANTAN SELATAN,KAB. TANAH BUMBU,Batu Licin
KALIMANTAN SELATAN,KAB. TANAH BUMBU,Kusan Hilir
KALIMANTAN SELATAN,KAB. TANAH BUMBU,Sungai Loban
KALIMANTAN SELATAN,KAB. TANAH BUMBU,Satui
KALIMANTAN SELATAN,KAB. TANAH BUMBU,Kusan Hulu
KALIMANTAN SELATAN,KAB. TANAH BUMBU,Simpang Empat
KALIMANTAN SELATAN,KAB. TANAH BUMBU,Karang Bintang
KALIMANTAN SELATAN,KAB. TANAH BUMBU,Mantewe
KALIMANTAN SELATAN,KAB. TANAH BUMBU,Angsana
KALIMANTAN SELATAN,KAB. TANAH BUMBU,Kuranji
KALIMANTAN SELATAN,KAB. TANAH BUMBU,Kusan Tengah
KALIMANTAN SELATAN,KAB. TANAH BUMBU,Teluk Kepayang
KALIMANTAN SELATAN,KAB. BALANGAN,Juai
KALIMANTAN SELATAN,KAB. BALANGAN,Halong
KALIMANTAN SELATAN,KAB. BALANGAN,Awayan
KALIMANTAN SELATAN,KAB. BALANGAN,Batu Mandi
KALIMANTAN SELATAN,KAB. BALANGAN,Lampihong
KALIMANTAN SELATAN,KAB. BALANGAN,Paringin
KALIMANTAN SELATAN,KAB. BALANGAN,Paringin Selatan
KALIMANTAN SELATAN,KAB. BALANGAN,Tebing Tinggi
KALIMANTAN SELATAN,KOTA BANJARMASIN,Banjarmasin Selatan
KALIMANTAN SELATAN,KOTA BANJARMASIN,Banjarmasin Timur
KALIMANTAN SELATAN,KOTA BANJARMASIN,Banjarmasin Barat
KALIMANTAN SELATAN,KOTA BANJARMASIN,Banjarmasin Utara
KALIMANTAN SELATAN,KOTA BANJARMASIN,Banjarmasin Tengah
KALIMANTAN SELATAN,KOTA BANJARBARU,Landasan Ulin
KALIMANTAN SELATAN,KOTA BANJARBARU,Cempaka
KALIMANTAN SELATAN,KOTA BANJARBARU,Banjarbaru Utara
KALIMANTAN SELATAN,KOTA BANJARBARU,Banjarbaru Selatan
KALIMANTAN SELATAN,KOTA BANJARBARU,Liang Anggang
KALIMANTAN TIMUR,KAB. PASER,Batu Sopang
KALIMANTAN TIMUR,KAB. PASER,Tanjung Harapan
KALIMANTAN TIMUR,KAB. PASER,Paser Belengkong
KALIMANTAN TIMUR,KAB. PASER,Tanah Grogot
KALIMANTAN TIMUR,KAB. PASER,Kuaro
KALIMANTAN TIMUR,KAB. PASER,Long Ikis
KALIMANTAN TIMUR,KAB. PASER,Muara Komam
KALIMANTAN TIMUR,KAB. PASER,Long Kali
KALIMANTAN TIMUR,KAB. PASER,Batu Engau
KALIMANTAN TIMUR,KAB. PASER,Muara Samu
KALIMANTAN TIMUR,KAB. KUTAI KARTANEGARA,Muara Muntai
KALIMANTAN TIMUR,KAB. KUTAI KARTANEGARA,Loa Kulu
KALIMANTAN TIMUR,KAB. KUTAI KARTANEGARA,Loa Janan
KALIMANTAN TIMUR,KAB. KUTAI KARTANEGARA,Anggana
KALIMANTAN TIMUR,KAB. KUTAI KARTANEGARA,Muara Badak
KALIMANTAN TIMUR,KAB. KUTAI KARTANEGARA,Tenggarong
KALIMANTAN TIMUR,KAB. KUTAI KARTANEGARA,Sebulu
KALIMANTAN TIMUR,KAB. KUTAI KARTANEGARA,Kota Bangun
KALIMANTAN TIMUR,KAB. KUTAI KARTANEGARA,Kenohan
KALIMANTAN TIMUR,KAB. KUTAI KARTANEGARA,Kembang Janggut
KALIMANTAN TIMUR,KAB. KUTAI KARTANEGARA,Muara Kaman
KALIMANTAN TIMUR,KAB. KUTAI KARTANEGARA,Tabang
KALIMANTAN TIMUR,KAB. KUTAI KARTANEGARA,Samboja
KALIMANTAN TIMUR,KAB. KUTAI KARTANEGARA,Muara Jawa
KALIMANTAN TIMUR,KAB. KUTAI KARTANEGARA,Sanga Sanga
KALIMANTAN TIMUR,KAB. KUTAI KARTANEGARA,Tenggarong Seberang
KALIMANTAN TIMUR,KAB. KUTAI KARTANEGARA,Marang Kayu
KALIMANTAN TIMUR,KAB. KUTAI KARTANEGARA,Muara Wis
KALIMANTAN TIMUR,KAB. KUTAI KARTANEGARA,Kota Bangun Darat
KALIMANTAN TIMUR,KAB. KUTAI KARTANEGARA,Semboja Barat
KALIMANTAN TIMUR,KAB. BERAU,Kelay
KALIMANTAN TIMUR,KAB. BERAU,Talisayan
KALIMANTAN TIMUR,KAB. BERAU,Sambaliung
KALIMANTAN TIMUR,KAB. BERAU,Segah
KALIMANTAN TIMUR,KAB. BERAU,Tanjung Redeb
KALIMANTAN TIMUR,KAB. BERAU,Gunung Tabur
KALIMANTAN TIMUR,KAB. BERAU,Pulau Derawan
KALIMANTAN TIMUR,KAB. BERAU,Biduk-Biduk
KALIMANTAN TIMUR,KAB. BERAU,Teluk Bayur
KALIMANTAN TIMUR,KAB. BERAU,Tabalar
KALIMANTAN TIMUR,KAB. BERAU,Maratua
KALIMANTAN TIMUR,KAB. BERAU,Batu Putih
KALIMANTAN TIMUR,KAB. BERAU,Biatan
KALIMANTAN TIMUR,KAB. KUTAI BARAT,Long Iram
KALIMANTAN TIMUR,KAB. KUTAI BARAT,Melak
KALIMANTAN TIMUR,KAB. KUTAI BARAT,Barong Tongkok
KALIMANTAN TIMUR,KAB. KUTAI BARAT,Damai
KALIMANTAN TIMUR,KAB. KUTAI BARAT,Muara Lawa
KALIMANTAN TIMUR,KAB. KUTAI BARAT,Muara Pahu
KALIMANTAN TIMUR,KAB. KUTAI BARAT,Jempang
KALIMANTAN TIMUR,KAB. KUTAI BARAT,Bongan
KALIMANTAN TIMUR,KAB. KUTAI BARAT,Penyinggahan
KALIMANTAN TIMUR,KAB. KUTAI BARAT,Bentian Besar
KALIMANTAN TIMUR,KAB. KUTAI BARAT,Linggang Bigung
KALIMANTAN TIMUR,KAB. KUTAI BARAT,Nyuatan
KALIMANTAN TIMUR,KAB. KUTAI BARAT,Siluq Ngurai
KALIMANTAN TIMUR,KAB. KUTAI BARAT,Mook Manaar Bulatn
KALIMANTAN TIMUR,KAB. KUTAI BARAT,Tering
KALIMANTAN TIMUR,KAB. KUTAI BARAT,Sekolaq Darat
KALIMANTAN TIMUR,KAB. KUTAI TIMUR,Muara Ancalong
KALIMANTAN TIMUR,KAB. KUTAI TIMUR,Muara Wahau
KALIMANTAN TIMUR,KAB. KUTAI TIMUR,Muara Bengkal
KALIMANTAN TIMUR,KAB. KUTAI TIMUR,Sangatta Utara
KALIMANTAN TIMUR,KAB. KUTAI TIMUR,Sangkulirang
KALIMANTAN TIMUR,KAB. KUTAI TIMUR,Busang
KALIMANTAN TIMUR,KAB. KUTAI TIMUR,Telen
KALIMANTAN TIMUR,KAB. KUTAI TIMUR,Kombeng
KALIMANTAN TIMUR,KAB. KUTAI TIMUR,Bengalon
KALIMANTAN TIMUR,KAB. KUTAI TIMUR,Kaliorang
KALIMANTAN TIMUR,KAB. KUTAI TIMUR,Sandaran
KALIMANTAN TIMUR,KAB. KUTAI TIMUR,Sangatta Selatan
KALIMANTAN TIMUR,KAB. KUTAI TIMUR,Teluk Pandan
KALIMANTAN TIMUR,KAB. KUTAI TIMUR,Rantau Pulung
KALIMANTAN TIMUR,KAB. KUTAI TIMUR,Kaubun
KALIMANTAN TIMUR,KAB. KUTAI TIMUR,Karangan
KALIMANTAN TIMUR,KAB. KUTAI TIMUR,Batu Ampar
KALIMANTAN TIMUR,KAB. KUTAI TIMUR,Long Mesangat
KALIMANTAN TIMUR,KAB. PENAJAM PASER UTARA,Penajam
KALIMANTAN TIMUR,KAB. PENAJAM PASER UTARA,Waru
KALIMANTAN TIMUR,KAB. PENAJAM PASER UTARA,Babulu
KALIMANTAN TIMUR,KAB. PENAJAM PASER UTARA,Sepaku
KALIMANTAN TIMUR,KAB. MAHAKAM ULU,Long Bagun
KALIMANTAN TIMUR,KAB. MAHAKAM ULU,Long Hubung
KALIMANTAN TIMUR,KAB. MAHAKAM ULU,Laham
KALIMANTAN TIMUR,KAB. MAHAKAM ULU,Long Apari
KALIMANTAN TIMUR,KAB. MAHAKAM ULU,Long Pahangai
KALIMANTAN TIMUR,KOTA BALIKPAPAN,Balikpapan Timur
KALIMANTAN TIMUR,KOTA BALIKPAPAN,Balikpapan Barat
KALIMANTAN TIMUR,KOTA BALIKPAPAN,Balikpapan Utara
KALIMANTAN TIMUR,KOTA BALIKPAPAN,Balikpapan Tengah
KALIMANTAN TIMUR,KOTA BALIKPAPAN,Balikpapan Selatan
KALIMANTAN TIMUR,KOTA BALIKPAPAN,Balikpapan Kota
KALIMANTAN TIMUR,KOTA SAMARINDA,Palaran
KALIMANTAN TIMUR,KOTA SAMARINDA,Samarinda Seberang
KALIMANTAN TIMUR,KOTA SAMARINDA,Samarinda Ulu
KALIMANTAN TIMUR,KOTA SAMARINDA,Samarinda Ilir
KALIMANTAN TIMUR,KOTA SAMARINDA,Samarinda Utara
KALIMANTAN TIMUR,KOTA SAMARINDA,Sungai Kunjang
KALIMANTAN TIMUR,KOTA SAMARINDA,Sambutan
KALIMANTAN TIMUR,KOTA SAMARINDA,Sungai Pinang
KALIMANTAN TIMUR,KOTA SAMARINDA,Samarinda Kota
KALIMANTAN TIMUR,KOTA SAMARINDA,Loa Janan Ilir
KALIMANTAN TIMUR,KOTA BONTANG,Bontang Utara
KALIMANTAN TIMUR,KOTA BONTANG,Bontang Selatan
KALIMANTAN TIMUR,KOTA BONTANG,Bontang Barat
KALIMANTAN UTARA,KAB. BULUNGAN,Tanjung Palas
KALIMANTAN UTARA,KAB. BULUNGAN,Tanjung Palas Barat
KALIMANTAN UTARA,KAB. BULUNGAN,Tanjung Palas Utara
KALIMANTAN UTARA,KAB. BULUNGAN,Tanjung Palas Timur
KALIMANTAN UTARA,KAB. BULUNGAN,Tanjung Selor
KALIMANTAN UTARA,KAB. BULUNGAN,Tanjung Palas Tengah
KALIMANTAN UTARA,KAB. BULUNGAN,Peso
KALIMANTAN UTARA,KAB. BULUNGAN,Peso Hilir
KALIMANTAN UTARA,KAB. BULUNGAN,Sekatak
KALIMANTAN UTARA,KAB. BULUNGAN,Bunyu
KALIMANTAN UTARA,KAB. MALINAU,Mentarang
KALIMANTAN UTARA,KAB. MALINAU,Malinau Kota
KALIMANTAN UTARA,KAB. MALINAU,Pujungan
KALIMANTAN UTARA,KAB. MALINAU,Kayan Hilir
KALIMANTAN UTARA,KAB. MALINAU,Kayan Hulu
KALIMANTAN UTARA,KAB. MALINAU,Malinau Selatan
KALIMANTAN UTARA,KAB. MALINAU,Malinau Utara
KALIMANTAN UTARA,KAB. MALINAU,Malinau Barat
KALIMANTAN UTARA,KAB. MALINAU,Sungai Boh
KALIMANTAN UTARA,KAB. MALINAU,Kayan Selatan
KALIMANTAN UTARA,KAB. MALINAU,Bahau Hulu
KALIMANTAN UTARA,KAB. MALINAU,Mentarang Hulu
KALIMANTAN UTARA,KAB. MALINAU,Malinau Selatan Hilir
KALIMANTAN UTARA,KAB. MALINAU,Malinau Selatan Hulu
KALIMANTAN UTARA,KAB. MALINAU,Sungai Tubu
KALIMANTAN UTARA,KAB. NUNUKAN,Sebatik
KALIMANTAN UTARA,KAB. NUNUKAN,Nunukan
KALIMANTAN UTARA,KAB. NUNUKAN,Sembakung
KALIMANTAN UTARA,KAB. NUNUKAN,Lumbis
KALIMANTAN UTARA,KAB. NUNUKAN,Krayan
KALIMANTAN UTARA,KAB. NUNUKAN,Sebuku
KALIMANTAN UTARA,KAB. NUNUKAN,Krayan Selatan
KALIMANTAN UTARA,KAB. NUNUKAN,Sebatik Barat
KALIMANTAN UTARA,KAB. NUNUKAN,Nunukan Selatan
KALIMANTAN UTARA,KAB. NUNUKAN,Sebatik Timur
KALIMANTAN UTARA,KAB. NUNUKAN,Sebatik Utara
KALIMANTAN UTARA,KAB. NUNUKAN,Sebatik Tengah
KALIMANTAN UTARA,KAB. NUNUKAN,Sei Menggaris
KALIMANTAN UTARA,KAB. NUNUKAN,Tulin Onsoi
KALIMANTAN UTARA,KAB. NUNUKAN,Lumbis Ogong
KALIMANTAN UTARA,KAB. NUNUKAN,Sembakung Atulai
KALIMANTAN UTARA,KAB. NUNUKAN,Krayan Tengah
KALIMANTAN UTARA,KAB. NUNUKAN,Krayan Timur
KALIMANTAN UTARA,KAB. NUNUKAN,Krayan Barat
KALIMANTAN UTARA,KAB. NUNUKAN,Lumbis Pansiangan
KALIMANTAN UTARA,KAB. NUNUKAN,Lumbis Hulu
KALIMANTAN UTARA,KAB. TANA TIDUNG,Sesayap
KALIMANTAN UTARA,KAB. TANA TIDUNG,Sesayap Hilir
KALIMANTAN UTARA,KAB. TANA TIDUNG,Tana Lia
KALIMANTAN UTARA,KAB. TANA TIDUNG,Betayau
KALIMANTAN UTARA,KAB. TANA TIDUNG,Muruk Rian
KALIMANTAN UTARA,KOTA TARAKAN,Tarakan Barat
KALIMANTAN UTARA,KOTA TARAKAN,Tarakan Tengah
KALIMANTAN UTARA,KOTA TARAKAN,Tarakan Timur
KALIMANTAN UTARA,KOTA TARAKAN,Tarakan Utara
SULAWESI UTARA,KAB. BOLAANG MONGONDOW,Sang Tombolang
SULAWESI UTARA,KAB. BOLAANG MONGONDOW,Dumoga Barat
SULAWESI UTARA,KAB. BOLAANG MONGONDOW,Dumoga Timur
SULAWESI UTARA,KAB. BOLAANG MONGONDOW,Dumoga Utara
SULAWESI UTARA,KAB. BOLAANG MONGONDOW,Lolak
SULAWESI UTARA,KAB. BOLAANG MONGONDOW,Bolaang
SULAWESI UTARA,KAB. BOLAANG MONGONDOW,Lolayan
SULAWESI UTARA,KAB. BOLAANG MONGONDOW,Passi Barat
SULAWESI UTARA,KAB. BOLAANG MONGONDOW,Poigar
SULAWESI UTARA,KAB. BOLAANG MONGONDOW,Passi Timur
SULAWESI UTARA,KAB. BOLAANG MONGONDOW,Bolaang Timur
SULAWESI UTARA,KAB. BOLAANG MONGONDOW,Bilalang
SULAWESI UTARA,KAB. BOLAANG MONGONDOW,Dumoga
SULAWESI UTARA,KAB. BOLAANG MONGONDOW,Dumoga Tenggara
SULAWESI UTARA,KAB. BOLAANG MONGONDOW,Dumoga Tengah
SULAWESI UTARA,KAB. MINAHASA,Tondano Barat
SULAWESI UTARA,KAB. MINAHASA,Tondano Timur
SULAWESI UTARA,KAB. MINAHASA,Eris
SULAWESI UTARA,KAB. MINAHASA,Kombi
SULAWESI UTARA,KAB. MINAHASA,Lembean Timur
SULAWESI UTARA,KAB. MINAHASA,Kakas
SULAWESI UTARA,KAB. MINAHASA,Tompaso
SULAWESI UTARA,KAB. MINAHASA,Remboken
SULAWESI UTARA,KAB. MINAHASA,Langowan Timur
SULAWESI UTARA,KAB. MINAHASA,Langowan Barat
SULAWESI UTARA,KAB. MINAHASA,Sonder
SULAWESI UTARA,KAB. MINAHASA,Kawangkoan
SULAWESI UTARA,KAB. MINAHASA,Pineleng
SULAWESI UTARA,KAB. MINAHASA,Tombulu
SULAWESI UTARA,KAB. MINAHASA,Tombariri
SULAWESI UTARA,KAB. MINAHASA,Tondano Utara
SULAWESI UTARA,KAB. MINAHASA,Langowan Selatan
SULAWESI UTARA,KAB. MINAHASA,Tondano Selatan
SULAWESI UTARA,KAB. MINAHASA,Langowan Utara
SULAWESI UTARA,KAB. MINAHASA,Kakas Barat
SULAWESI UTARA,KAB. MINAHASA,Kawangkoan Utara
SULAWESI UTARA,KAB. MINAHASA,Kawangkoan Barat
SULAWESI UTARA,KAB. MINAHASA,Mandolang
SULAWESI UTARA,KAB. MINAHASA,Tombariri Timur
SULAWESI UTARA,KAB. MINAHASA,Tompaso Barat
SULAWESI UTARA,KAB. KEPULAUAN SANGIHE,Tabukan Utara
SULAWESI UTARA,KAB. KEPULAUAN SANGIHE,Nusa Tabukan
SULAWESI UTARA,KAB. KEPULAUAN SANGIHE,Manganitu Selatan
SULAWESI UTARA,KAB. KEPULAUAN SANGIHE,Tatoareng
SULAWESI UTARA,KAB. KEPULAUAN SANGIHE,Tamako
SULAWESI UTARA,KAB. KEPULAUAN SANGIHE,Manganitu
SULAWESI UTARA,KAB. KEPULAUAN SANGIHE,Tabukan Tengah
SULAWESI UTARA,KAB. KEPULAUAN SANGIHE,Tabukan Selatan
SULAWESI UTARA,KAB. KEPULAUAN SANGIHE,Kendahe
SULAWESI UTARA,KAB. KEPULAUAN SANGIHE,Tahuna
SULAWESI UTARA,KAB. KEPULAUAN SANGIHE,Tabukan Selatan Tengah
SULAWESI UTARA,KAB. KEPULAUAN SANGIHE,Tabukan Selatan Tenggara
SULAWESI UTARA,KAB. KEPULAUAN SANGIHE,Tahuna Barat
SULAWESI UTARA,KAB. KEPULAUAN SANGIHE,Tahuna Timur
SULAWESI UTARA,KAB. KEPULAUAN SANGIHE,Kepulauan Marore
SULAWESI UTARA,KAB. KEPULAUAN TALAUD,Lirung
SULAWESI UTARA,KAB. KEPULAUAN TALAUD,Beo
SULAWESI UTARA,KAB. KEPULAUAN TALAUD,Rainis
SULAWESI UTARA,KAB. KEPULAUAN TALAUD,Essang
SULAWESI UTARA,KAB. KEPULAUAN TALAUD,Nanusa
SULAWESI UTARA,KAB. KEPULAUAN TALAUD,Kabaruan
SULAWESI UTARA,KAB. KEPULAUAN TALAUD,Melonguane
SULAWESI UTARA,KAB. KEPULAUAN TALAUD,Gemeh
SULAWESI UTARA,KAB. KEPULAUAN TALAUD,Damau
SULAWESI UTARA,KAB. KEPULAUAN TALAUD,Tampan' Amma
SULAWESI UTARA,KAB. KEPULAUAN TALAUD,Salibabu
SULAWESI UTARA,KAB. KEPULAUAN TALAUD,Kalongan
SULAWESI UTARA,KAB. KEPULAUAN TALAUD,Miangas
SULAWESI UTARA,KAB. KEPULAUAN TALAUD,Beo Utara
SULAWESI UTARA,KAB. KEPULAUAN TALAUD,Pulutan
SULAWESI UTARA,KAB. KEPULAUAN TALAUD,Melonguane Timur
SULAWESI UTARA,KAB. KEPULAUAN TALAUD,Moronge
SULAWESI UTARA,KAB. KEPULAUAN TALAUD,Beo Selatan
SULAWESI UTARA,KAB. KEPULAUAN TALAUD,Essang Selatan
SULAWESI UTARA,KAB. MINAHASA SELATAN,Modoinding
SULAWESI UTARA,KAB. MINAHASA SELATAN,Tompaso Baru
SULAWESI UTARA,KAB. MINAHASA SELATAN,Ranoyapo
SULAWESI UTARA,KAB. MINAHASA SELATAN,Motoling
SULAWESI UTARA,KAB. MINAHASA SELATAN,Sinonsayang
SULAWESI UTARA,KAB. MINAHASA SELATAN,Tenga
SULAWESI UTARA,KAB. MINAHASA SELATAN,Amurang
SULAWESI UTARA,KAB. MINAHASA SELATAN,Tumpaan
SULAWESI UTARA,KAB. MINAHASA SELATAN,Tareran
SULAWESI UTARA,KAB. MINAHASA SELATAN,Kumelembuai
SULAWESI UTARA,KAB. MINAHASA SELATAN,Maesaan
SULAWESI UTARA,KAB. MINAHASA SELATAN,Amurang Barat
SULAWESI UTARA,KAB. MINAHASA SELATAN,Amurang Timur
SULAWESI UTARA,KAB. MINAHASA SELATAN,Tatapaan
SULAWESI UTARA,KAB. MINAHASA SELATAN,Motoling Barat
SULAWESI UTARA,KAB. MINAHASA SELATAN,Motoling Timur
SULAWESI UTARA,KAB. MINAHASA SELATAN,Suluun Tareran
SULAWESI UTARA,KAB. MINAHASA UTARA,Kema
SULAWESI UTARA,KAB. MINAHASA UTARA,Kauditan
SULAWESI UTARA,KAB. MINAHASA UTARA,Airmadidi
SULAWESI UTARA,KAB. MINAHASA UTARA,Wori
SULAWESI UTARA,KAB. MINAHASA UTARA,Dimembe
SULAWESI UTARA,KAB. MINAHASA UTARA,Likupang Barat
SULAWESI UTARA,KAB. MINAHASA UTARA,Likupang Timur
SULAWESI UTARA,KAB. MINAHASA UTARA,Kalawat
SULAWESI UTARA,KAB. MINAHASA UTARA,Talawaan
SULAWESI UTARA,KAB. MINAHASA UTARA,Likupang Selatan
SULAWESI UTARA,KAB. MINAHASA TENGGARA,Ratahan
SULAWESI UTARA,KAB. MINAHASA TENGGARA,Pusomaen
SULAWESI UTARA,KAB. MINAHASA TENGGARA,Belang
SULAWESI UTARA,KAB. MINAHASA TENGGARA,Ratatotok
SULAWESI UTARA,KAB. MINAHASA TENGGARA,Tombatu
SULAWESI UTARA,KAB. MINAHASA TENGGARA,Touluaan
SULAWESI UTARA,KAB. MINAHASA TENGGARA,Touluaan Selatan
SULAWESI UTARA,KAB. MINAHASA TENGGARA,Silian Raya
SULAWESI UTARA,KAB. MINAHASA TENGGARA,Tombatu Timur
SULAWESI UTARA,KAB. MINAHASA TENGGARA,Tombatu Utara
SULAWESI UTARA,KAB. MINAHASA TENGGARA,Pasan
SULAWESI UTARA,KAB. MINAHASA TENGGARA,Ratahan Timur
SULAWESI UTARA,KAB. BOLAANG MONGONDOW UTARA,Sangkub
SULAWESI UTARA,KAB. BOLAANG MONGONDOW UTARA,Bintauna
SULAWESI UTARA,KAB. BOLAANG MONGONDOW UTARA,Bolangitang Timur
SULAWESI UTARA,KAB. BOLAANG MONGONDOW UTARA,Bolangitang Barat
SULAWESI UTARA,KAB. BOLAANG MONGONDOW UTARA,Kaidipang
SULAWESI UTARA,KAB. BOLAANG MONGONDOW UTARA,Pinogaluman
SULAWESI UTARA,KAB. KEP. SIAU TAGULANDANG BIARO,Siau Timur
SULAWESI UTARA,KAB. KEP. SIAU TAGULANDANG BIARO,Siau Barat
SULAWESI UTARA,KAB. KEP. SIAU TAGULANDANG BIARO,Tagulandang
SULAWESI UTARA,KAB. KEP. SIAU TAGULANDANG BIARO,Siau Timur Selatan
SULAWESI UTARA,KAB. KEP. SIAU TAGULANDANG BIARO,Siau Barat Selatan
SULAWESI UTARA,KAB. KEP. SIAU TAGULANDANG BIARO,Tagulandang Utara
SULAWESI UTARA,KAB. KEP. SIAU TAGULANDANG BIARO,Biaro
SULAWESI UTARA,KAB. KEP. SIAU TAGULANDANG BIARO,Siau Barat Utara
SULAWESI UTARA,KAB. KEP. SIAU TAGULANDANG BIARO,Siau Tengah
SULAWESI UTARA,KAB. KEP. SIAU TAGULANDANG BIARO,Tagulandang Selatan
SULAWESI UTARA,KAB. BOLAANG MONGONDOW TIMUR,Tutuyan
SULAWESI UTARA,KAB. BOLAANG MONGONDOW TIMUR,Kotabunan
SULAWESI UTARA,KAB. BOLAANG MONGONDOW TIMUR,Nuangan
SULAWESI UTARA,KAB. BOLAANG MONGONDOW TIMUR,Modayag
SULAWESI UTARA,KAB. BOLAANG MONGONDOW TIMUR,Modayag Barat
SULAWESI UTARA,KAB. BOLAANG MONGONDOW TIMUR,Motongkad
SULAWESI UTARA,KAB. BOLAANG MONGONDOW TIMUR,Mooat
SULAWESI UTARA,KAB. BOLAANG MONGONDOW SELATAN,Bolaang Uki
SULAWESI UTARA,KAB. BOLAANG MONGONDOW SELATAN,Posigadan
SULAWESI UTARA,KAB. BOLAANG MONGONDOW SELATAN,Pinolosian
SULAWESI UTARA,KAB. BOLAANG MONGONDOW SELATAN,Pinolosian Tengah
SULAWESI UTARA,KAB. BOLAANG MONGONDOW SELATAN,Pinolosian Timur
SULAWESI UTARA,KAB. BOLAANG MONGONDOW SELATAN,Helumo
SULAWESI UTARA,KAB. BOLAANG MONGONDOW SELATAN,Tomini
SULAWESI UTARA,KOTA MANADO,Bunaken
SULAWESI UTARA,KOTA MANADO,Tuminting
SULAWESI UTARA,KOTA MANADO,Singkil
SULAWESI UTARA,KOTA MANADO,Wenang
SULAWESI UTARA,KOTA MANADO,Tikala
SULAWESI UTARA,KOTA MANADO,Sario
SULAWESI UTARA,KOTA MANADO,Wanea
SULAWESI UTARA,KOTA MANADO,Mapanget
SULAWESI UTARA,KOTA MANADO,Malalayang
SULAWESI UTARA,KOTA MANADO,Bunaken Kepulauan
SULAWESI UTARA,KOTA MANADO,Paal Dua
SULAWESI UTARA,KOTA BITUNG,Lembeh Selatan
SULAWESI UTARA,KOTA BITUNG,Madidir
SULAWESI UTARA,KOTA BITUNG,Ranowulu
SULAWESI UTARA,KOTA BITUNG,Aertembaga
SULAWESI UTARA,KOTA BITUNG,Matuari
SULAWESI UTARA,KOTA BITUNG,Girian
SULAWESI UTARA,KOTA BITUNG,Maesa
SULAWESI UTARA,KOTA BITUNG,Lembeh Utara
SULAWESI UTARA,KOTA TOMOHON,Tomohon Selatan
SULAWESI UTARA,KOTA TOMOHON,Tomohon Tengah
SULAWESI UTARA,KOTA TOMOHON,Tomohon Utara
SULAWESI UTARA,KOTA TOMOHON,Tomohon Barat
SULAWESI UTARA,KOTA TOMOHON,Tomohon Timur
SULAWESI UTARA,KOTA KOTAMOBAGU,Kotamobagu Utara
SULAWESI UTARA,KOTA KOTAMOBAGU,Kotamobagu Timur
SULAWESI UTARA,KOTA KOTAMOBAGU,Kotamobagu Selatan
SULAWESI UTARA,KOTA KOTAMOBAGU,Kotamobagu Barat
SULAWESI TENGAH,KAB. BANGGAI,Batui
SULAWESI TENGAH,KAB. BANGGAI,Bunta
SULAWESI TENGAH,KAB. BANGGAI,Kintom
SULAWESI TENGAH,KAB. BANGGAI,Luwuk
SULAWESI TENGAH,KAB. BANGGAI,Lamala
SULAWESI TENGAH,KAB. BANGGAI,Balantak
SULAWESI TENGAH,KAB. BANGGAI,Pagimana
SULAWESI TENGAH,KAB. BANGGAI,Bualemo
SULAWESI TENGAH,KAB. BANGGAI,Toili
SULAWESI TENGAH,KAB. BANGGAI,Masama
SULAWESI TENGAH,KAB. BANGGAI,Luwuk Timur
SULAWESI TENGAH,KAB. BANGGAI,Toili Barat
SULAWESI TENGAH,KAB. BANGGAI,Nuhon
SULAWESI TENGAH,KAB. BANGGAI,Moilong
SULAWESI TENGAH,KAB. BANGGAI,Batui Selatan
SULAWESI TENGAH,KAB. BANGGAI,Lobu
SULAWESI TENGAH,KAB. BANGGAI,Simpang Raya
SULAWESI TENGAH,KAB. BANGGAI,Balantak Selatan
SULAWESI TENGAH,KAB. BANGGAI,Balantak Utara
SULAWESI TENGAH,KAB. BANGGAI,Luwuk Selatan
SULAWESI TENGAH,KAB. BANGGAI,Luwuk Utara
SULAWESI TENGAH,KAB. BANGGAI,Mantoh
SULAWESI TENGAH,KAB. BANGGAI,Nambo
SULAWESI TENGAH,KAB. POSO,Poso Kota
SULAWESI TENGAH,KAB. POSO,Poso Pesisir
SULAWESI TENGAH,KAB. POSO,Lage
SULAWESI TENGAH,KAB. POSO,Pamona Puselemba
SULAWESI TENGAH,KAB. POSO,Pamona Timur
SULAWESI TENGAH,KAB. POSO,Pamona Selatan
SULAWESI TENGAH,KAB. POSO,Lore Utara
SULAWESI TENGAH,KAB. POSO,Lore Tengah
SULAWESI TENGAH,KAB. POSO,Lore Selatan
SULAWESI TENGAH,KAB. POSO,Poso Pesisir Utara
SULAWESI TENGAH,KAB. POSO,Poso Pesisir Selatan
SULAWESI TENGAH,KAB. POSO,Pamona Barat
SULAWESI TENGAH,KAB. POSO,Poso Kota Selatan
SULAWESI TENGAH,KAB. POSO,Poso Kota Utara
SULAWESI TENGAH,KAB. POSO,Lore Barat
SULAWESI TENGAH,KAB. POSO,Lore Timur
SULAWESI TENGAH,KAB. POSO,Lore Piore
SULAWESI TENGAH,KAB. POSO,Pamona Tenggara
SULAWESI TENGAH,KAB. POSO,Pamona Utara
SULAWESI TENGAH,KAB. DONGGALA,Rio Pakava
SULAWESI TENGAH,KAB. DONGGALA,Dampelas
SULAWESI TENGAH,KAB. DONGGALA,Banawa
SULAWESI TENGAH,KAB. DONGGALA,Labuan
SULAWESI TENGAH,KAB. DONGGALA,Sindue
SULAWESI TENGAH,KAB. DONGGALA,Sirenja
SULAWESI TENGAH,KAB. DONGGALA,Balaesang
SULAWESI TENGAH,KAB. DONGGALA,Sojol
SULAWESI TENGAH,KAB. DONGGALA,Banawa Selatan
SULAWESI TENGAH,KAB. DONGGALA,Tanantovea
SULAWESI TENGAH,KAB. DONGGALA,Pinembani
SULAWESI TENGAH,KAB. DONGGALA,Sindue Tombusabora
SULAWESI TENGAH,KAB. DONGGALA,Sindue Tobata
SULAWESI TENGAH,KAB. DONGGALA,Banawa Tengah
SULAWESI TENGAH,KAB. DONGGALA,Sojol Utara
SULAWESI TENGAH,KAB. DONGGALA,Balaesang Tanjung
SULAWESI TENGAH,KAB. TOLI TOLI,Dampal Selatan
SULAWESI TENGAH,KAB. TOLI TOLI,Dampal Utara
SULAWESI TENGAH,KAB. TOLI TOLI,Dondo
SULAWESI TENGAH,KAB. TOLI TOLI,Basidondo
SULAWESI TENGAH,KAB. TOLI TOLI,Ogodeide
SULAWESI TENGAH,KAB. TOLI TOLI,Lampasio
SULAWESI TENGAH,KAB. TOLI TOLI,Baolan
SULAWESI TENGAH,KAB. TOLI TOLI,Galang
SULAWESI TENGAH,KAB. TOLI TOLI,Toli-Toli Utara
SULAWESI TENGAH,KAB. TOLI TOLI,Dako Pemean
SULAWESI TENGAH,KAB. BUOL,Momunu
SULAWESI TENGAH,KAB. BUOL,Lakea
SULAWESI TENGAH,KAB. BUOL,Bokat
SULAWESI TENGAH,KAB. BUOL,Bunobogu
SULAWESI TENGAH,KAB. BUOL,Paleleh
SULAWESI TENGAH,KAB. BUOL,Biau
SULAWESI TENGAH,KAB. BUOL,Tiloan
SULAWESI TENGAH,KAB. BUOL,Bukal
SULAWESI TENGAH,KAB. BUOL,Gadung
SULAWESI TENGAH,KAB. BUOL,Karamat
SULAWESI TENGAH,KAB. BUOL,Paleleh Barat
SULAWESI TENGAH,KAB. MOROWALI,Bungku Tengah
SULAWESI TENGAH,KAB. MOROWALI,Bungku Selatan
SULAWESI TENGAH,KAB. MOROWALI,Menui Kepulauan
SULAWESI TENGAH,KAB. MOROWALI,Bungku Barat
SULAWESI TENGAH,KAB. MOROWALI,Bumi Raya
SULAWESI TENGAH,KAB. MOROWALI,Bahodopi
SULAWESI TENGAH,KAB. MOROWALI,Wita Ponda
SULAWESI TENGAH,KAB. MOROWALI,Bungku Pesisir
SULAWESI TENGAH,KAB. MOROWALI,Bungku Timur
SULAWESI TENGAH,KAB. BANGGAI KEPULAUAN,Totikum
SULAWESI TENGAH,KAB. BANGGAI KEPULAUAN,Tinangkung
SULAWESI TENGAH,KAB. BANGGAI KEPULAUAN,Liang
SULAWESI TENGAH,KAB. BANGGAI KEPULAUAN,Bulagi
SULAWESI TENGAH,KAB. BANGGAI KEPULAUAN,Buko
SULAWESI TENGAH,KAB. BANGGAI KEPULAUAN,Bulagi Selatan
SULAWESI TENGAH,KAB. BANGGAI KEPULAUAN,Tinangkung Selatan
SULAWESI TENGAH,KAB. BANGGAI KEPULAUAN,Totikum Selatan
SULAWESI TENGAH,KAB. BANGGAI KEPULAUAN,Peling Tengah
SULAWESI TENGAH,KAB. BANGGAI KEPULAUAN,Bulagi Utara
SULAWESI TENGAH,KAB. BANGGAI KEPULAUAN,Buko Selatan
SULAWESI TENGAH,KAB. BANGGAI KEPULAUAN,Tinangkung Utara
SULAWESI TENGAH,KAB. PARIGI MOUTONG,Parigi
SULAWESI TENGAH,KAB. PARIGI MOUTONG,Ampibabo
SULAWESI TENGAH,KAB. PARIGI MOUTONG,Tinombo
SULAWESI TENGAH,KAB. PARIGI MOUTONG,Moutong
SULAWESI TENGAH,KAB. PARIGI MOUTONG,Tomini
SULAWESI TENGAH,KAB. PARIGI MOUTONG,Sausu
SULAWESI TENGAH,KAB. PARIGI MOUTONG,Bolano Lambunu
SULAWESI TENGAH,KAB. PARIGI MOUTONG,Kasimbar
SULAWESI TENGAH,KAB. PARIGI MOUTONG,Torue
SULAWESI TENGAH,KAB. PARIGI MOUTONG,Tinombo Selatan
SULAWESI TENGAH,KAB. PARIGI MOUTONG,Parigi Selatan
SULAWESI TENGAH,KAB. PARIGI MOUTONG,Mepanga
SULAWESI TENGAH,KAB. PARIGI MOUTONG,Toribulu
SULAWESI TENGAH,KAB. PARIGI MOUTONG,Taopa
SULAWESI TENGAH,KAB. PARIGI MOUTONG,Balinggi
SULAWESI TENGAH,KAB. PARIGI MOUTONG,Parigi Barat
SULAWESI TENGAH,KAB. PARIGI MOUTONG,Siniu
SULAWESI TENGAH,KAB. PARIGI MOUTONG,Palasa
SULAWESI TENGAH,KAB. PARIGI MOUTONG,Parigi Utara
SULAWESI TENGAH,KAB. PARIGI MOUTONG,Parigi Tengah
SULAWESI TENGAH,KAB. PARIGI MOUTONG,Bolano
SULAWESI TENGAH,KAB. PARIGI MOUTONG,Ongka Malino
SULAWESI TENGAH,KAB. PARIGI MOUTONG,Sidoan
SULAWESI TENGAH,KAB. TOJO UNA UNA,Una Una
SULAWESI TENGAH,KAB. TOJO UNA UNA,Togean
SULAWESI TENGAH,KAB. TOJO UNA UNA,Walea Kepulauan
SULAWESI TENGAH,KAB. TOJO UNA UNA,Ampana Tete
SULAWESI TENGAH,KAB. TOJO UNA UNA,Ampana Kota
SULAWESI TENGAH,KAB. TOJO UNA UNA,Ulubongka
SULAWESI TENGAH,KAB. TOJO UNA UNA,Tojo Barat
SULAWESI TENGAH,KAB. TOJO UNA UNA,Tojo
SULAWESI TENGAH,KAB. TOJO UNA UNA,Walea Besar
SULAWESI TENGAH,KAB. TOJO UNA UNA,Ratolindo
SULAWESI TENGAH,KAB. TOJO UNA UNA,Batudaka
SULAWESI TENGAH,KAB. TOJO UNA UNA,Talatako
SULAWESI TENGAH,KAB. SIGI,Sigi Biromaru
SULAWESI TENGAH,KAB. SIGI,Palolo
SULAWESI TENGAH,KAB. SIGI,Nokilalaki
SULAWESI TENGAH,KAB. SIGI,Lindu
SULAWESI TENGAH,KAB. SIGI,Kulawi
SULAWESI TENGAH,KAB. SIGI,Kulawi Selatan
SULAWESI TENGAH,KAB. SIGI,Pipikoro
SULAWESI TENGAH,KAB. SIGI,Gumbasa
SULAWESI TENGAH,KAB. SIGI,Dolo Selatan
SULAWESI TENGAH,KAB. SIGI,Tanambulava
SULAWESI TENGAH,KAB. SIGI,Dolo Barat
SULAWESI TENGAH,KAB. SIGI,Dolo
SULAWESI TENGAH,KAB. SIGI,Kinovaro
SULAWESI TENGAH,KAB. SIGI,Marawola
SULAWESI TENGAH,KAB. SIGI,Marawola Barat
SULAWESI TENGAH,KAB. BANGGAI LAUT,Banggai
SULAWESI TENGAH,KAB. BANGGAI LAUT,Banggai Utara
SULAWESI TENGAH,KAB. BANGGAI LAUT,Bokan Kepulauan
SULAWESI TENGAH,KAB. BANGGAI LAUT,Bangkurung
SULAWESI TENGAH,KAB. BANGGAI LAUT,Labobo
SULAWESI TENGAH,KAB. BANGGAI LAUT,Banggai Selatan
SULAWESI TENGAH,KAB. BANGGAI LAUT,Banggai Tengah
SULAWESI TENGAH,KAB. MOROWALI UTARA,Petasia
SULAWESI TENGAH,KAB. MOROWALI UTARA,Petasia Timur
SULAWESI TENGAH,KAB. MOROWALI UTARA,Lembo Raya
SULAWESI TENGAH,KAB. MOROWALI UTARA,Lembo
SULAWESI TENGAH,KAB. MOROWALI UTARA,Mori Atas
SULAWESI TENGAH,KAB. MOROWALI UTARA,Mori Utara
SULAWESI TENGAH,KAB. MOROWALI UTARA,Soyo Jaya
SULAWESI TENGAH,KAB. MOROWALI UTARA,Bungku Utara
SULAWESI TENGAH,KAB. MOROWALI UTARA,Mamosalato
SULAWESI TENGAH,KAB. MOROWALI UTARA,Petasia Barat
SULAWESI TENGAH,KOTA PALU,Palu Timur
SULAWESI TENGAH,KOTA PALU,Palu Barat
SULAWESI TENGAH,KOTA PALU,Palu Selatan
SULAWESI TENGAH,KOTA PALU,Palu Utara
SULAWESI TENGAH,KOTA PALU,Ulujadi
SULAWESI TENGAH,KOTA PALU,Tatanga
SULAWESI TENGAH,KOTA PALU,Tawaeli
SULAWESI TENGAH,KOTA PALU,Mantikulore
SULAWESI SELATAN,KAB. KEPULAUAN SELAYAR,Benteng
SULAWESI SELATAN,KAB. KEPULAUAN SELAYAR,Bontoharu
SULAWESI SELATAN,KAB. KEPULAUAN SELAYAR,Bontomatene
SULAWESI SELATAN,KAB. KEPULAUAN SELAYAR,Bontomanai
SULAWESI SELATAN,KAB. KEPULAUAN SELAYAR,Bontosikuyu
SULAWESI SELATAN,KAB. KEPULAUAN SELAYAR,Pasimasunggu
SULAWESI SELATAN,KAB. KEPULAUAN SELAYAR,Pasimarannu
SULAWESI SELATAN,KAB. KEPULAUAN SELAYAR,Taka Bonerate
SULAWESI SELATAN,KAB. KEPULAUAN SELAYAR,Pasilambena
SULAWESI SELATAN,KAB. KEPULAUAN SELAYAR,Pasimasunggu Timur
SULAWESI SELATAN,KAB. KEPULAUAN SELAYAR,Buki
SULAWESI SELATAN,KAB. BULUKUMBA,Gantarang
SULAWESI SELATAN,KAB. BULUKUMBA,Ujung Bulu
SULAWESI SELATAN,KAB. BULUKUMBA,Bonto Bahari
SULAWESI SELATAN,KAB. BULUKUMBA,Bonto Tiro
SULAWESI SELATAN,KAB. BULUKUMBA,Herlang
SULAWESI SELATAN,KAB. BULUKUMBA,Kajang
SULAWESI SELATAN,KAB. BULUKUMBA,Bulukumpa
SULAWESI SELATAN,KAB. BULUKUMBA,Kindang
SULAWESI SELATAN,KAB. BULUKUMBA,Ujungloe
SULAWESI SELATAN,KAB. BULUKUMBA,Rilauale
SULAWESI SELATAN,KAB. BANTAENG,Bissappu
SULAWESI SELATAN,KAB. BANTAENG,Bantaeng
SULAWESI SELATAN,KAB. BANTAENG,Eremerasa
SULAWESI SELATAN,KAB. BANTAENG,Tompo Bulu
SULAWESI SELATAN,KAB. BANTAENG,Pajukukang
SULAWESI SELATAN,KAB. BANTAENG,Uluere
SULAWESI SELATAN,KAB. BANTAENG,Gantarang Keke
SULAWESI SELATAN,KAB. BANTAENG,Sinoa
SULAWESI SELATAN,KAB. JENEPONTO,Bangkala
SULAWESI SELATAN,KAB. JENEPONTO,Tamalatea
SULAWESI SELATAN,KAB. JENEPONTO,Binamu
SULAWESI SELATAN,KAB. JENEPONTO,Batang
SULAWESI SELATAN,KAB. JENEPONTO,Kelara
SULAWESI SELATAN,KAB. JENEPONTO,Bangkala Barat
SULAWESI SELATAN,KAB. JENEPONTO,Bontoramba
SULAWESI SELATAN,KAB. JENEPONTO,Turatea
SULAWESI SELATAN,KAB. JENEPONTO,Arungkeke
SULAWESI SELATAN,KAB. JENEPONTO,Rumbia
SULAWESI SELATAN,KAB. JENEPONTO,Tarowang
SULAWESI SELATAN,KAB. TAKALAR,Mappakasunggu
SULAWESI SELATAN,KAB. TAKALAR,Mangarabombang
SULAWESI SELATAN,KAB. TAKALAR,Polongbangkeng Selatan
SULAWESI SELATAN,KAB. TAKALAR,Polongbangkeng Utara
SULAWESI SELATAN,KAB. TAKALAR,Galesong Selatan
SULAWESI SELATAN,KAB. TAKALAR,Galesong Utara
SULAWESI SELATAN,KAB. TAKALAR,Pattallassang
SULAWESI SELATAN,KAB. TAKALAR,Sanrobone
SULAWESI SELATAN,KAB. TAKALAR,Galesong
SULAWESI SELATAN,KAB. TAKALAR,Kepulauan Tanakeke
SULAWESI SELATAN,KAB. TAKALAR,Polongbangkeng Timur
SULAWESI SELATAN,KAB. TAKALAR,Laikang
SULAWESI SELATAN,KAB. GOWA,Bontonompo
SULAWESI SELATAN,KAB. GOWA,Bajeng
SULAWESI SELATAN,KAB. GOWA,Tompobulu
SULAWESI SELATAN,KAB. GOWA,Tinggimoncong
SULAWESI SELATAN,KAB. GOWA,Parangloe
SULAWESI SELATAN,KAB. GOWA,Bontomarannu
SULAWESI SELATAN,KAB. GOWA,Pallangga
SULAWESI SELATAN,KAB. GOWA,Somba Opu
SULAWESI SELATAN,KAB. GOWA,Bungaya
SULAWESI SELATAN,KAB. GOWA,Tombolopao
SULAWESI SELATAN,KAB. GOWA,Biringbulu
SULAWESI SELATAN,KAB. GOWA,Barombong
SULAWESI SELATAN,KAB. GOWA,Pattallasang
SULAWESI SELATAN,KAB. GOWA,Manuju
SULAWESI SELATAN,KAB. GOWA,Bontolempangang
SULAWESI SELATAN,KAB. GOWA,Bontonompo Selatan
SULAWESI SELATAN,KAB. GOWA,Parigi
SULAWESI SELATAN,KAB. GOWA,Bajeng Barat
SULAWESI SELATAN,KAB. SINJAI,Sinjai Barat
SULAWESI SELATAN,KAB. SINJAI,Sinjai Selatan
SULAWESI SELATAN,KAB. SINJAI,Sinjai Timur
SULAWESI SELATAN,KAB. SINJAI,Sinjai Tengah
SULAWESI SELATAN,KAB. SINJAI,Sinjai Utara
SULAWESI SELATAN,KAB. SINJAI,Bulupoddo
SULAWESI SELATAN,KAB. SINJAI,Sinjai Borong
SULAWESI SELATAN,KAB. SINJAI,Tellu Limpoe
SULAWESI SELATAN,KAB. SINJAI,Pulau Sembilan
SULAWESI SELATAN,KAB. BONE,Bontocani
SULAWESI SELATAN,KAB. BONE,Kahu
SULAWESI SELATAN,KAB. BONE,Kajuara
SULAWESI SELATAN,KAB. BONE,Salomekko
SULAWESI SELATAN,KAB. BONE,Tonra
SULAWESI SELATAN,KAB. BONE,Libureng
SULAWESI SELATAN,KAB. BONE,Mare
SULAWESI SELATAN,KAB. BONE,Sibulue
SULAWESI SELATAN,KAB. BONE,Barebbo
SULAWESI SELATAN,KAB. BONE,Cina
SULAWESI SELATAN,KAB. BONE,Ponre
SULAWESI SELATAN,KAB. BONE,Lappariaja
SULAWESI SELATAN,KAB. BONE,Lamuru
SULAWESI SELATAN,KAB. BONE,Ulaweng
SULAWESI SELATAN,KAB. BONE,Palakka
SULAWESI SELATAN,KAB. BONE,Awangpone
SULAWESI SELATAN,KAB. BONE,Tellu Siattinge
SULAWESI SELATAN,KAB. BONE,Ajangale
SULAWESI SELATAN,KAB. BONE,Dua Boccoe
SULAWESI SELATAN,KAB. BONE,Cenrana
SULAWESI SELATAN,KAB. BONE,Tanete Riattang
SULAWESI SELATAN,KAB. BONE,Tanete Riattang Barat
SULAWESI SELATAN,KAB. BONE,Tanete Riattang Timur
SULAWESI SELATAN,KAB. BONE,Amali
SULAWESI SELATAN,KAB. BONE,Tellulimpoe
SULAWESI SELATAN,KAB. BONE,Bengo
SULAWESI SELATAN,KAB. BONE,Patimpeng
SULAWESI SELATAN,KAB. MAROS,Mandai
SULAWESI SELATAN,KAB. MAROS,Camba
SULAWESI SELATAN,KAB. MAROS,Bantimurung
SULAWESI SELATAN,KAB. MAROS,Maros Baru
SULAWESI SELATAN,KAB. MAROS,Bontoa
SULAWESI SELATAN,KAB. MAROS,Malllawa
SULAWESI SELATAN,KAB. MAROS,Tanralili
SULAWESI SELATAN,KAB. MAROS,Marusu
SULAWESI SELATAN,KAB. MAROS,Simbang
SULAWESI SELATAN,KAB. MAROS,Cenrana
SULAWESI SELATAN,KAB. MAROS,Tompobulu
SULAWESI SELATAN,KAB. MAROS,Lau
SULAWESI SELATAN,KAB. MAROS,Moncongloe
SULAWESI SELATAN,KAB. MAROS,Turikale
SULAWESI SELATAN,KAB. PANGKAJENE KEPULAUAN,Liukang Tangaya
SULAWESI SELATAN,KAB. PANGKAJENE KEPULAUAN,Liukang Kalmas
SULAWESI SELATAN,KAB. PANGKAJENE KEPULAUAN,Liukang Tupabbiring
SULAWESI SELATAN,KAB. PANGKAJENE KEPULAUAN,Pangkajene
SULAWESI SELATAN,KAB. PANGKAJENE KEPULAUAN,Balocci
SULAWESI SELATAN,KAB. PANGKAJENE KEPULAUAN,Bungoro
SULAWESI SELATAN,KAB. PANGKAJENE KEPULAUAN,Labakkang
SULAWESI SELATAN,KAB. PANGKAJENE KEPULAUAN,Marang
SULAWESI SELATAN,KAB. PANGKAJENE KEPULAUAN,Segeri
SULAWESI SELATAN,KAB. PANGKAJENE KEPULAUAN,Minasa Tene
SULAWESI SELATAN,KAB. PANGKAJENE KEPULAUAN,Mandalle
SULAWESI SELATAN,KAB. PANGKAJENE KEPULAUAN,Tondong Tallasa
SULAWESI SELATAN,KAB. PANGKAJENE KEPULAUAN,Liukang Tupabbiring Utara
SULAWESI SELATAN,KAB. BARRU,Tanete Riaja
SULAWESI SELATAN,KAB. BARRU,Tanete Rilau
SULAWESI SELATAN,KAB. BARRU,Barru
SULAWESI SELATAN,KAB. BARRU,Soppeng Riaja
SULAWESI SELATAN,KAB. BARRU,Mallusetasi
SULAWESI SELATAN,KAB. BARRU,Pujananting
SULAWESI SELATAN,KAB. BARRU,Balusu
SULAWESI SELATAN,KAB. SOPPENG,Marioriwawo
SULAWESI SELATAN,KAB. SOPPENG,Liliraja
SULAWESI SELATAN,KAB. SOPPENG,Lilirilau
SULAWESI SELATAN,KAB. SOPPENG,Lalabata
SULAWESI SELATAN,KAB. SOPPENG,Marioriawa
SULAWESI SELATAN,KAB. SOPPENG,Donri Donri
SULAWESI SELATAN,KAB. SOPPENG,Ganra
SULAWESI SELATAN,KAB. SOPPENG,Citta
SULAWESI SELATAN,KAB. WAJO,Sabangparu
SULAWESI SELATAN,KAB. WAJO,Pammana
SULAWESI SELATAN,KAB. WAJO,Takkalalla
SULAWESI SELATAN,KAB. WAJO,Sajoanging
SULAWESI SELATAN,KAB. WAJO,Majauleng
SULAWESI SELATAN,KAB. WAJO,Tempe
SULAWESI SELATAN,KAB. WAJO,Belawa
SULAWESI SELATAN,KAB. WAJO,Tanasitolo
SULAWESI SELATAN,KAB. WAJO,Maniangpajo
SULAWESI SELATAN,KAB. WAJO,Pitumpanua
SULAWESI SELATAN,KAB. WAJO,Bola
SULAWESI SELATAN,KAB. WAJO,Penrang
SULAWESI SELATAN,KAB. WAJO,Gilireng
SULAWESI SELATAN,KAB. WAJO,Keera
SULAWESI SELATAN,KAB. SIDENRENG RAPPANG,Panca Lautang
SULAWESI SELATAN,KAB. SIDENRENG RAPPANG,Tellu Limpoe
SULAWESI SELATAN,KAB. SIDENRENG RAPPANG,Watang Pulu
SULAWESI SELATAN,KAB. SIDENRENG RAPPANG,Baranti
SULAWESI SELATAN,KAB. SIDENRENG RAPPANG,Panca Rijang
SULAWESI SELATAN,KAB. SIDENRENG RAPPANG,Kulo
SULAWESI SELATAN,KAB. SIDENRENG RAPPANG,Maritengngae
SULAWESI SELATAN,KAB. SIDENRENG RAPPANG,Watang Sidenreng
SULAWESI SELATAN,KAB. SIDENRENG RAPPANG,Dua Pitue
SULAWESI SELATAN,KAB. SIDENRENG RAPPANG,Pitu Riawa
SULAWESI SELATAN,KAB. SIDENRENG RAPPANG,Pitu Riase
SULAWESI SELATAN,KAB. PINRANG,Mattiro Sompe
SULAWESI SELATAN,KAB. PINRANG,Suppa
SULAWESI SELATAN,KAB. PINRANG,Mattiro Bulu
SULAWESI SELATAN,KAB. PINRANG,Watang Sawitto
SULAWESI SELATAN,KAB. PINRANG,Patampanua
SULAWESI SELATAN,KAB. PINRANG,Duampanua
SULAWESI SELATAN,KAB. PINRANG,Lembang
SULAWESI SELATAN,KAB. PINRANG,Cempa
SULAWESI SELATAN,KAB. PINRANG,Tiroang
SULAWESI SELATAN,KAB. PINRANG,Lanrisang
SULAWESI SELATAN,KAB. PINRANG,Paleteang
SULAWESI SELATAN,KAB. PINRANG,Batulappa
SULAWESI SELATAN,KAB. ENREKANG,Maiwa
SULAWESI SELATAN,KAB. ENREKANG,Enrekang
SULAWESI SELATAN,KAB. ENREKANG,Baraka
SULAWESI SELATAN,KAB. ENREKANG,Anggeraja
SULAWESI SELATAN,KAB. ENREKANG,Alla
SULAWESI SELATAN,KAB. ENREKANG,Bungin
SULAWESI SELATAN,KAB. ENREKANG,Cendana
SULAWESI SELATAN,KAB. ENREKANG,Curio
SULAWESI SELATAN,KAB. ENREKANG,Malua
SULAWESI SELATAN,KAB. ENREKANG,Buntu Batu
SULAWESI SELATAN,KAB. ENREKANG,Masalle
SULAWESI SELATAN,KAB. ENREKANG,Baroko
SULAWESI SELATAN,KAB. LUWU,Basse Sangtempe
SULAWESI SELATAN,KAB. LUWU,Larompong
SULAWESI SELATAN,KAB. LUWU,Suli
SULAWESI SELATAN,KAB. LUWU,Bajo
SULAWESI SELATAN,KAB. LUWU,Bua Ponrang
SULAWESI SELATAN,KAB. LUWU,Walenrang
SULAWESI SELATAN,KAB. LUWU,Belopa
SULAWESI SELATAN,KAB. LUWU,Bua
SULAWESI SELATAN,KAB. LUWU,Lamasi
SULAWESI SELATAN,KAB. LUWU,Larompong Selatan
SULAWESI SELATAN,KAB. LUWU,Ponrang
SULAWESI SELATAN,KAB. LUWU,Latimojong
SULAWESI SELATAN,KAB. LUWU,Kamanre
SULAWESI SELATAN,KAB. LUWU,Belopa Utara
SULAWESI SELATAN,KAB. LUWU,Walenrang Barat
SULAWESI SELATAN,KAB. LUWU,Walenrang Utara
SULAWESI SELATAN,KAB. LUWU,Walenrang Timur
SULAWESI SELATAN,KAB. LUWU,Lamasi Timur
SULAWESI SELATAN,KAB. LUWU,Suli Barat
SULAWESI SELATAN,KAB. LUWU,Bajo Barat
SULAWESI SELATAN,KAB. LUWU,Ponrang Selatan
SULAWESI SELATAN,KAB. LUWU,Basse Sangtempe Utara
SULAWESI SELATAN,KAB. TANA TORAJA,Saluputi
SULAWESI SELATAN,KAB. TANA TORAJA,Bittuang
SULAWESI SELATAN,KAB. TANA TORAJA,Bonggakaradeng
SULAWESI SELATAN,KAB. TANA TORAJA,Makale
SULAWESI SELATAN,KAB. TANA TORAJA,Simbuang
SULAWESI SELATAN,KAB. TANA TORAJA,Rantetayo
SULAWESI SELATAN,KAB. TANA TORAJA,Mengkendek
SULAWESI SELATAN,KAB. TANA TORAJA,Sangalla
SULAWESI SELATAN,KAB. TANA TORAJA,Gandangbatu Sillanan
SULAWESI SELATAN,KAB. TANA TORAJA,Rembon
SULAWESI SELATAN,KAB. TANA TORAJA,Makale Utara
SULAWESI SELATAN,KAB. TANA TORAJA,Mappak
SULAWESI SELATAN,KAB. TANA TORAJA,Makale Selatan
SULAWESI SELATAN,KAB. TANA TORAJA,Masanda
SULAWESI SELATAN,KAB. TANA TORAJA,Sangalla Selatan
SULAWESI SELATAN,KAB. TANA TORAJA,Sangalla Utara
SULAWESI SELATAN,KAB. TANA TORAJA,Malimbong Balepe
SULAWESI SELATAN,KAB. TANA TORAJA,Rano
SULAWESI SELATAN,KAB. TANA TORAJA,Kurra
SULAWESI SELATAN,KAB. LUWU UTARA,Malangke
SULAWESI SELATAN,KAB. LUWU UTARA,Bone Bone
SULAWESI SELATAN,KAB. LUWU UTARA,Masamba
SULAWESI SELATAN,KAB. LUWU UTARA,Sabbang
SULAWESI SELATAN,KAB. LUWU UTARA,Rongkong
SULAWESI SELATAN,KAB. LUWU UTARA,Sukamaju
SULAWESI SELATAN,KAB. LUWU UTARA,Seko
SULAWESI SELATAN,KAB. LUWU UTARA,Malangke Barat
SULAWESI SELATAN,KAB. LUWU UTARA,Rampi
SULAWESI SELATAN,KAB. LUWU UTARA,Mappedeceng
SULAWESI SELATAN,KAB. LUWU UTARA,Baebunta
SULAWESI SELATAN,KAB. LUWU UTARA,Tana Lili
SULAWESI SELATAN,KAB. LUWU UTARA,Sukamaju Selatan
SULAWESI SELATAN,KAB. LUWU UTARA,Baebunta Selatan
SULAWESI SELATAN,KAB. LUWU UTARA,Sabbang Selatan
SULAWESI SELATAN,KAB. LUWU TIMUR,Mangkutana
SULAWESI SELATAN,KAB. LUWU TIMUR,Nuha
SULAWESI SELATAN,KAB. LUWU TIMUR,Towuti
SULAWESI SELATAN,KAB. LUWU TIMUR,Malili
SULAWESI SELATAN,KAB. LUWU TIMUR,Angkona
SULAWESI SELATAN,KAB. LUWU TIMUR,Wotu
SULAWESI SELATAN,KAB. LUWU TIMUR,Burau
SULAWESI SELATAN,KAB. LUWU TIMUR,Tomoni
SULAWESI SELATAN,KAB. LUWU TIMUR,Tomoni Timur
SULAWESI SELATAN,KAB. LUWU TIMUR,Kalaena
SULAWESI SELATAN,KAB. LUWU TIMUR,Wasuponda
SULAWESI SELATAN,KAB. TORAJA UTARA,Rantepao
SULAWESI SELATAN,KAB. TORAJA UTARA,Sesean
SULAWESI SELATAN,KAB. TORAJA UTARA,Nanggala
SULAWESI SELATAN,KAB. TORAJA UTARA,Rindingallo
SULAWESI SELATAN,KAB. TORAJA UTARA,Buntao
SULAWESI SELATAN,KAB. TORAJA UTARA,Sa'dan
SULAWESI SELATAN,KAB. TORAJA UTARA,Sanggalangi
SULAWESI SELATAN,KAB. TORAJA UTARA,Sopai
SULAWESI SELATAN,KAB. TORAJA UTARA,Tikala
SULAWESI SELATAN,KAB. TORAJA UTARA,Balusu
SULAWESI SELATAN,KAB. TORAJA UTARA,Tallunglipu
SULAWESI SELATAN,KAB. TORAJA UTARA,Dende' Piongan Napo
SULAWESI SELATAN,KAB. TORAJA UTARA,Buntu Pepasan
SULAWESI SELATAN,KAB. TORAJA UTARA,Baruppu
SULAWESI SELATAN,KAB. TORAJA UTARA,Kesu
SULAWESI SELATAN,KAB. TORAJA UTARA,Tondon
SULAWESI SELATAN,KAB. TORAJA UTARA,Bangkelekila
SULAWESI SELATAN,KAB. TORAJA UTARA,Rantebua
SULAWESI SELATAN,KAB. TORAJA UTARA,Sesean Suloara
SULAWESI SELATAN,KAB. TORAJA UTARA,Kapala Pitu
SULAWESI SELATAN,KAB. TORAJA UTARA,Awan Rante Karua
SULAWESI SELATAN,KOTA MAKASSAR,Mariso
SULAWESI SELATAN,KOTA MAKASSAR,Mamajang
SULAWESI SELATAN,KOTA MAKASSAR,Makassar
SULAWESI SELATAN,KOTA MAKASSAR,Ujung Pandang
SULAWESI SELATAN,KOTA MAKASSAR,Wajo
SULAWESI SELATAN,KOTA MAKASSAR,Bontoala
SULAWESI SELATAN,KOTA MAKASSAR,Tallo
SULAWESI SELATAN,KOTA MAKASSAR,Ujung Tanah
SULAWESI SELATAN,KOTA MAKASSAR,Panakkukang
SULAWESI SELATAN,KOTA MAKASSAR,Tamalate
SULAWESI SELATAN,KOTA MAKASSAR,Biringkanaya
SULAWESI SELATAN,KOTA MAKASSAR,Manggala
SULAWESI SELATAN,KOTA MAKASSAR,Rappocini
SULAWESI SELATAN,KOTA MAKASSAR,Tamalanrea
SULAWESI SELATAN,KOTA MAKASSAR,Kepulauan Sangkarrang
SULAWESI SELATAN,KOTA PARE PARE,Bacukiki
SULAWESI SELATAN,KOTA PARE PARE,Ujung
SULAWESI SELATAN,KOTA PARE PARE,Soreang
SULAWESI SELATAN,KOTA PARE PARE,Bacukiki Barat
SULAWESI SELATAN,KOTA PALOPO,Wara
SULAWESI SELATAN,KOTA PALOPO,Wara Utara
SULAWESI SELATAN,KOTA PALOPO,Wara Selatan
SULAWESI SELATAN,KOTA PALOPO,Telluwanua
SULAWESI SELATAN,KOTA PALOPO,Wara Timur
SULAWESI SELATAN,KOTA PALOPO,Wara Barat
SULAWESI SELATAN,KOTA PALOPO,Sendana
SULAWESI SELATAN,KOTA PALOPO,Mungkajang
SULAWESI SELATAN,KOTA PALOPO,Bara
SULAWESI TENGGARA,KAB. KOLAKA,Wundulako
SULAWESI TENGGARA,KAB. KOLAKA,Kolaka
SULAWESI TENGGARA,KAB. KOLAKA,Pomalaa
SULAWESI TENGGARA,KAB. KOLAKA,Watubangga
SULAWESI TENGGARA,KAB. KOLAKA,Wolo
SULAWESI TENGGARA,KAB. KOLAKA,Baula
SULAWESI TENGGARA,KAB. KOLAKA,Latambaga
SULAWESI TENGGARA,KAB. KOLAKA,Tanggetada
SULAWESI TENGGARA,KAB. KOLAKA,Samaturu
SULAWESI TENGGARA,KAB. KOLAKA,Toari
SULAWESI TENGGARA,KAB. KOLAKA,Polinggona
SULAWESI TENGGARA,KAB. KOLAKA,Iwoimendaa
SULAWESI TENGGARA,KAB. KONAWE,Lambuya
SULAWESI TENGGARA,KAB. KONAWE,Unaaha
SULAWESI TENGGARA,KAB. KONAWE,Wawotobi
SULAWESI TENGGARA,KAB. KONAWE,Pondidaha
SULAWESI TENGGARA,KAB. KONAWE,Sampara
SULAWESI TENGGARA,KAB. KONAWE,Abuki
SULAWESI TENGGARA,KAB. KONAWE,Soropia
SULAWESI TENGGARA,KAB. KONAWE,Tongauna
SULAWESI TENGGARA,KAB. KONAWE,Latoma
SULAWESI TENGGARA,KAB. KONAWE,Puriala
SULAWESI TENGGARA,KAB. KONAWE,Uepai
SULAWESI TENGGARA,KAB. KONAWE,Wonggeduku
SULAWESI TENGGARA,KAB. KONAWE,Besulutu
SULAWESI TENGGARA,KAB. KONAWE,Bondoala
SULAWESI TENGGARA,KAB. KONAWE,Routa
SULAWESI TENGGARA,KAB. KONAWE,Anggaberi
SULAWESI TENGGARA,KAB. KONAWE,Meluhu
SULAWESI TENGGARA,KAB. KONAWE,Amonggedo
SULAWESI TENGGARA,KAB. KONAWE,Asinua
SULAWESI TENGGARA,KAB. KONAWE,Konawe
SULAWESI TENGGARA,KAB. KONAWE,Kapoiala
SULAWESI TENGGARA,KAB. KONAWE,Lalonggasumeeto
SULAWESI TENGGARA,KAB. KONAWE,Onembute
SULAWESI TENGGARA,KAB. KONAWE,Padangguni
SULAWESI TENGGARA,KAB. KONAWE,Morosi
SULAWESI TENGGARA,KAB. KONAWE,Anggalomoare
SULAWESI TENGGARA,KAB. KONAWE,Wonggeduku Barat
SULAWESI TENGGARA,KAB. KONAWE,Tongauna Utara
SULAWESI TENGGARA,KAB. MUNA,Napabalano
SULAWESI TENGGARA,KAB. MUNA,Maligano
SULAWESI TENGGARA,KAB. MUNA,Wakorumba Selatan
SULAWESI TENGGARA,KAB. MUNA,Lasalepa
SULAWESI TENGGARA,KAB. MUNA,Batalaiworu
SULAWESI TENGGARA,KAB. MUNA,Katobu
SULAWESI TENGGARA,KAB. MUNA,Duruka
SULAWESI TENGGARA,KAB. MUNA,Lohia
SULAWESI TENGGARA,KAB. MUNA,Watopute
SULAWESI TENGGARA,KAB. MUNA,Kontunaga
SULAWESI TENGGARA,KAB. MUNA,Kabangka
SULAWESI TENGGARA,KAB. MUNA,Kabawo
SULAWESI TENGGARA,KAB. MUNA,Parigi
SULAWESI TENGGARA,KAB. MUNA,Bone
SULAWESI TENGGARA,KAB. MUNA,Tongkuno
SULAWESI TENGGARA,KAB. MUNA,Pasir Putih
SULAWESI TENGGARA,KAB. MUNA,Kontu Kowuna
SULAWESI TENGGARA,KAB. MUNA,Marobo
SULAWESI TENGGARA,KAB. MUNA,Tongkuno Selatan
SULAWESI TENGGARA,KAB. MUNA,Pasi Kolaga
SULAWESI TENGGARA,KAB. MUNA,Batukara
SULAWESI TENGGARA,KAB. MUNA,Towea
SULAWESI TENGGARA,KAB. BUTON,Pasarwajo
SULAWESI TENGGARA,KAB. BUTON,Kapontori
SULAWESI TENGGARA,KAB. BUTON,Lasalimu
SULAWESI TENGGARA,KAB. BUTON,Lasalimu Selatan
SULAWESI TENGGARA,KAB. BUTON,Siotapina
SULAWESI TENGGARA,KAB. BUTON,Wolowa
SULAWESI TENGGARA,KAB. BUTON,Wabula
SULAWESI TENGGARA,KAB. KONAWE SELATAN,Tinanggea
SULAWESI TENGGARA,KAB. KONAWE SELATAN,Angata
SULAWESI TENGGARA,KAB. KONAWE SELATAN,Andoolo
SULAWESI TENGGARA,KAB. KONAWE SELATAN,Palangga
SULAWESI TENGGARA,KAB. KONAWE SELATAN,Landono
SULAWESI TENGGARA,KAB. KONAWE SELATAN,Lainea
SULAWESI TENGGARA,KAB. KONAWE SELATAN,Konda
SULAWESI TENGGARA,KAB. KONAWE SELATAN,Ranomeeto
SULAWESI TENGGARA,KAB. KONAWE SELATAN,Kolono
SULAWESI TENGGARA,KAB. KONAWE SELATAN,Moramo
SULAWESI TENGGARA,KAB. KONAWE SELATAN,Laonti
SULAWESI TENGGARA,KAB. KONAWE SELATAN,Lalembuu
SULAWESI TENGGARA,KAB. KONAWE SELATAN,Benua
SULAWESI TENGGARA,KAB. KONAWE SELATAN,Palangga Selatan
SULAWESI TENGGARA,KAB. KONAWE SELATAN,Mowila
SULAWESI TENGGARA,KAB. KONAWE SELATAN,Moramo Utara
SULAWESI TENGGARA,KAB. KONAWE SELATAN,Buke
SULAWESI TENGGARA,KAB. KONAWE SELATAN,Wolasi
SULAWESI TENGGARA,KAB. KONAWE SELATAN,Laeya
SULAWESI TENGGARA,KAB. KONAWE SELATAN,Baito
SULAWESI TENGGARA,KAB. KONAWE SELATAN,Basala
SULAWESI TENGGARA,KAB. KONAWE SELATAN,Ranomeeto Barat
SULAWESI TENGGARA,KAB. KONAWE SELATAN,Kolono Timur
SULAWESI TENGGARA,KAB. KONAWE SELATAN,Sabulakoa
SULAWESI TENGGARA,KAB. KONAWE SELATAN,Andoolo Barat
SULAWESI TENGGARA,KAB. BOMBANA,Poleang
SULAWESI TENGGARA,KAB. BOMBANA,Poleang Timur
SULAWESI TENGGARA,KAB. BOMBANA,Rarowatu
SULAWESI TENGGARA,KAB. BOMBANA,Rumbia
SULAWESI TENGGARA,KAB. BOMBANA,Kabaena
SULAWESI TENGGARA,KAB. BOMBANA,Kabaena Timur
SULAWESI TENGGARA,KAB. BOMBANA,Poleang Barat
SULAWESI TENGGARA,KAB. BOMBANA,Mata Oleo
SULAWESI TENGGARA,KAB. BOMBANA,Rarowatu Utara
SULAWESI TENGGARA,KAB. BOMBANA,Poleang Utara
SULAWESI TENGGARA,KAB. BOMBANA,Poleang Selatan
SULAWESI TENGGARA,KAB. BOMBANA,Poleang Tenggara
SULAWESI TENGGARA,KAB. BOMBANA,Kabaena Selatan
SULAWESI TENGGARA,KAB. BOMBANA,Kabaena Barat
SULAWESI TENGGARA,KAB. BOMBANA,Kabaena Utara
SULAWESI TENGGARA,KAB. BOMBANA,Kabaena Tengah
SULAWESI TENGGARA,KAB. BOMBANA,Kep. Masaloka Raya
SULAWESI TENGGARA,KAB. BOMBANA,Rumbia Tengah
SULAWESI TENGGARA,KAB. BOMBANA,Poleang Tengah
SULAWESI TENGGARA,KAB. BOMBANA,Tontonunu
SULAWESI TENGGARA,KAB. BOMBANA,Lantari Jaya
SULAWESI TENGGARA,KAB. BOMBANA,Mata Usu
SULAWESI TENGGARA,KAB. WAKATOBI,Wangi-Wangi
SULAWESI TENGGARA,KAB. WAKATOBI,Kaledupa
SULAWESI TENGGARA,KAB. WAKATOBI,Tomia
SULAWESI TENGGARA,KAB. WAKATOBI,Binongko
SULAWESI TENGGARA,KAB. WAKATOBI,Wangi Wangi Selatan
SULAWESI TENGGARA,KAB. WAKATOBI,Kaledupa Selatan
SULAWESI TENGGARA,KAB. WAKATOBI,Tomia Timur
SULAWESI TENGGARA,KAB. WAKATOBI,Togo Binongko
SULAWESI TENGGARA,KAB. KOLAKA UTARA,Lasusua
SULAWESI TENGGARA,KAB. KOLAKA UTARA,Pakue
SULAWESI TENGGARA,KAB. KOLAKA UTARA,Batu Putih
SULAWESI TENGGARA,KAB. KOLAKA UTARA,Rante Angin
SULAWESI TENGGARA,KAB. KOLAKA UTARA,Kodeoha
SULAWESI TENGGARA,KAB. KOLAKA UTARA,Ngapa
SULAWESI TENGGARA,KAB. KOLAKA UTARA,Wawo
SULAWESI TENGGARA,KAB. KOLAKA UTARA,Lambai
SULAWESI TENGGARA,KAB. KOLAKA UTARA,Watunohu
SULAWESI TENGGARA,KAB. KOLAKA UTARA,Pakue Tengah
SULAWESI TENGGARA,KAB. KOLAKA UTARA,Pakue Utara
SULAWESI TENGGARA,KAB. KOLAKA UTARA,Porehu
SULAWESI TENGGARA,KAB. KOLAKA UTARA,Katoi
SULAWESI TENGGARA,KAB. KOLAKA UTARA,Tiwu
SULAWESI TENGGARA,KAB. KOLAKA UTARA,Tolala
SULAWESI TENGGARA,KAB. KONAWE UTARA,Asera
SULAWESI TENGGARA,KAB. KONAWE UTARA,Wiwirano
SULAWESI TENGGARA,KAB. KONAWE UTARA,Langgikima
SULAWESI TENGGARA,KAB. KONAWE UTARA,Molawe
SULAWESI TENGGARA,KAB. KONAWE UTARA,Lasolo
SULAWESI TENGGARA,KAB. KONAWE UTARA,Lembo
SULAWESI TENGGARA,KAB. KONAWE UTARA,Sawa
SULAWESI TENGGARA,KAB. KONAWE UTARA,Oheo
SULAWESI TENGGARA,KAB. KONAWE UTARA,Andowia
SULAWESI TENGGARA,KAB. KONAWE UTARA,Motui
SULAWESI TENGGARA,KAB. KONAWE UTARA,Wawolesea
SULAWESI TENGGARA,KAB. KONAWE UTARA,Lasolo Kepulauan
SULAWESI TENGGARA,KAB. KONAWE UTARA,Landawe
SULAWESI TENGGARA,KAB. BUTON UTARA,Kulisusu
SULAWESI TENGGARA,KAB. BUTON UTARA,Kambowa
SULAWESI TENGGARA,KAB. BUTON UTARA,Bonegunu
SULAWESI TENGGARA,KAB. BUTON UTARA,Kulisusu Barat
SULAWESI TENGGARA,KAB. BUTON UTARA,Kulisusu Utara
SULAWESI TENGGARA,KAB. BUTON UTARA,Wakorumba Utara
SULAWESI TENGGARA,KAB. KOLAKA TIMUR,Tirawuta
SULAWESI TENGGARA,KAB. KOLAKA TIMUR,Loea
SULAWESI TENGGARA,KAB. KOLAKA TIMUR,Ladongi
SULAWESI TENGGARA,KAB. KOLAKA TIMUR,Poli Polia
SULAWESI TENGGARA,KAB. KOLAKA TIMUR,Lambandia
SULAWESI TENGGARA,KAB. KOLAKA TIMUR,Lalolae
SULAWESI TENGGARA,KAB. KOLAKA TIMUR,Mowewe
SULAWESI TENGGARA,KAB. KOLAKA TIMUR,Uluiwoi
SULAWESI TENGGARA,KAB. KOLAKA TIMUR,Tinondo
SULAWESI TENGGARA,KAB. KOLAKA TIMUR,Aere
SULAWESI TENGGARA,KAB. KOLAKA TIMUR,Ueesi
SULAWESI TENGGARA,KAB. KOLAKA TIMUR,Dangia
SULAWESI TENGGARA,KAB. KONAWE KEPULAUAN,Wawonii Barat
SULAWESI TENGGARA,KAB. KONAWE KEPULAUAN,Wawonii Utara
SULAWESI TENGGARA,KAB. KONAWE KEPULAUAN,Wawonii Timur Laut
SULAWESI TENGGARA,KAB. KONAWE KEPULAUAN,Wawonii Timur
SULAWESI TENGGARA,KAB. KONAWE KEPULAUAN,Wawonii Tenggara
SULAWESI TENGGARA,KAB. KONAWE KEPULAUAN,Wawonii Selatan
SULAWESI TENGGARA,KAB. KONAWE KEPULAUAN,Wawonii Tengah
SULAWESI TENGGARA,KAB. MUNA BARAT,Sawerigadi
SULAWESI TENGGARA,KAB. MUNA BARAT,Barangka
SULAWESI TENGGARA,KAB. MUNA BARAT,Lawa
SULAWESI TENGGARA,KAB. MUNA BARAT,Wadaga
SULAWESI TENGGARA,KAB. MUNA BARAT,Tiworo Selatan
SULAWESI TENGGARA,KAB. MUNA BARAT,Maginti
SULAWESI TENGGARA,KAB. MUNA BARAT,Tiworo Tengah
SULAWESI TENGGARA,KAB. MUNA BARAT,Tiworo Utara
SULAWESI TENGGARA,KAB. MUNA BARAT,Tiworo Kepulauan
SULAWESI TENGGARA,KAB. MUNA BARAT,Kusambi
SULAWESI TENGGARA,KAB. MUNA BARAT,Napano Kusambi
SULAWESI TENGGARA,KAB. BUTON TENGAH,Lakudo
SULAWESI TENGGARA,KAB. BUTON TENGAH,Mawasangka Timur
SULAWESI TENGGARA,KAB. BUTON TENGAH,Mawasangka Tengah
SULAWESI TENGGARA,KAB. BUTON TENGAH,Mawasangka
SULAWESI TENGGARA,KAB. BUTON TENGAH,Talaga Raya
SULAWESI TENGGARA,KAB. BUTON TENGAH,Gu
SULAWESI TENGGARA,KAB. BUTON TENGAH,Sangia Wambulu
SULAWESI TENGGARA,KAB. BUTON SELATAN,Batauga
SULAWESI TENGGARA,KAB. BUTON SELATAN,Sampolawa
SULAWESI TENGGARA,KAB. BUTON SELATAN,Lapandewa
SULAWESI TENGGARA,KAB. BUTON SELATAN,Batu Atas
SULAWESI TENGGARA,KAB. BUTON SELATAN,Siompu Barat
SULAWESI TENGGARA,KAB. BUTON SELATAN,Siompu
SULAWESI TENGGARA,KAB. BUTON SELATAN,Kadatua
SULAWESI TENGGARA,KOTA KENDARI,Mandonga
SULAWESI TENGGARA,KOTA KENDARI,Kendari
SULAWESI TENGGARA,KOTA KENDARI,Baruga
SULAWESI TENGGARA,KOTA KENDARI,Poasia
SULAWESI TENGGARA,KOTA KENDARI,Kendari Barat
SULAWESI TENGGARA,KOTA KENDARI,Abeli
SULAWESI TENGGARA,KOTA KENDARI,Wua-Wua
SULAWESI TENGGARA,KOTA KENDARI,Kadia
SULAWESI TENGGARA,KOTA KENDARI,Puuwatu
SULAWESI TENGGARA,KOTA KENDARI,Kambu
SULAWESI TENGGARA,KOTA KENDARI,Nambo
SULAWESI TENGGARA,KOTA BAU BAU,Betoambari
SULAWESI TENGGARA,KOTA BAU BAU,Wolio
SULAWESI TENGGARA,KOTA BAU BAU,Sorawolio
SULAWESI TENGGARA,KOTA BAU BAU,Bungi
SULAWESI TENGGARA,KOTA BAU BAU,Kokalukuna
SULAWESI TENGGARA,KOTA BAU BAU,Murhum
SULAWESI TENGGARA,KOTA BAU BAU,Lea-Lea
SULAWESI TENGGARA,KOTA BAU BAU,Batupoaro
GORONTALO,KAB. GORONTALO,Limboto
GORONTALO,KAB. GORONTALO,Telaga
GORONTALO,KAB. GORONTALO,Batudaa
GORONTALO,KAB. GORONTALO,Tibawa
GORONTALO,KAB. GORONTALO,Batudaa Pantai
GORONTALO,KAB. GORONTALO,Boliyohuto
GORONTALO,KAB. GORONTALO,Telaga Biru
GORONTALO,KAB. GORONTALO,Bongomeme
GORONTALO,KAB. GORONTALO,Tolangohula
GORONTALO,KAB. GORONTALO,Mootilango
GORONTALO,KAB. GORONTALO,Pulubala
GORONTALO,KAB. GORONTALO,Limboto Barat
GORONTALO,KAB. GORONTALO,Tilango
GORONTALO,KAB. GORONTALO,Tabongo
GORONTALO,KAB. GORONTALO,Biluhu
GORONTALO,KAB. GORONTALO,Asparaga
GORONTALO,KAB. GORONTALO,Talaga Jaya
GORONTALO,KAB. GORONTALO,Bilato
GORONTALO,KAB. GORONTALO,Dungaliyo
GORONTALO,KAB. BOALEMO,Paguyaman
GORONTALO,KAB. BOALEMO,Wonosari
GORONTALO,KAB. BOALEMO,Dulupi
GORONTALO,KAB. BOALEMO,Tilamuta
GORONTALO,KAB. BOALEMO,Mananggu
GORONTALO,KAB. BOALEMO,Botumoito
GORONTALO,KAB. BOALEMO,Paguyaman Pantai
GORONTALO,KAB. BONE BOLANGO,Tapa
GORONTALO,KAB. BONE BOLANGO,Kabila
GORONTALO,KAB. BONE BOLANGO,Suwawa
GORONTALO,KAB. BONE BOLANGO,Bonepantai
GORONTALO,KAB. BONE BOLANGO,Bulango Utara
GORONTALO,KAB. BONE BOLANGO,Tilongkabila
GORONTALO,KAB. BONE BOLANGO,Botupingge
GORONTALO,KAB. BONE BOLANGO,Kabila Bone
GORONTALO,KAB. BONE BOLANGO,Bone
GORONTALO,KAB. BONE BOLANGO,Bone Raya
GORONTALO,KAB. BONE BOLANGO,Suwawa Timur
GORONTALO,KAB. BONE BOLANGO,Suwawa Selatan
GORONTALO,KAB. BONE BOLANGO,Suwawa Tengah
GORONTALO,KAB. BONE BOLANGO,Bulango Ulu
GORONTALO,KAB. BONE BOLANGO,Bulango Selatan
GORONTALO,KAB. BONE BOLANGO,Bulango Timur
GORONTALO,KAB. BONE BOLANGO,Bulawa
GORONTALO,KAB. BONE BOLANGO,Pinogu
GORONTALO,KAB. POHUWATO,Popayato
GORONTALO,KAB. POHUWATO,Lemito
GORONTALO,KAB. POHUWATO,Randangan
GORONTALO,KAB. POHUWATO,Marisa
GORONTALO,KAB. POHUWATO,Paguat
GORONTALO,KAB. POHUWATO,Patilanggio
GORONTALO,KAB. POHUWATO,Taluditi
GORONTALO,KAB. POHUWATO,Dengilo
GORONTALO,KAB. POHUWATO,Buntulia
GORONTALO,KAB. POHUWATO,Duhiadaa
GORONTALO,KAB. POHUWATO,Wanggarasi
GORONTALO,KAB. POHUWATO,Popayato Timur
GORONTALO,KAB. POHUWATO,Popayato Barat
GORONTALO,KAB. GORONTALO UTARA,Atinggola
GORONTALO,KAB. GORONTALO UTARA,Kwandang
GORONTALO,KAB. GORONTALO UTARA,Anggrek
GORONTALO,KAB. GORONTALO UTARA,Sumalata
GORONTALO,KAB. GORONTALO UTARA,Tolinggula
GORONTALO,KAB. GORONTALO UTARA,Gentuma Raya
GORONTALO,KAB. GORONTALO UTARA,Tomolito
GORONTALO,KAB. GORONTALO UTARA,Ponelo Kepulauan
GORONTALO,KAB. GORONTALO UTARA,Monano
GORONTALO,KAB. GORONTALO UTARA,Biau
GORONTALO,KAB. GORONTALO UTARA,Sumalata Timur
GORONTALO,KOTA GORONTALO,Kota Barat
GORONTALO,KOTA GORONTALO,Kota Selatan
GORONTALO,KOTA GORONTALO,Kota Utara
GORONTALO,KOTA GORONTALO,Dungingi
GORONTALO,KOTA GORONTALO,Kota Timur
GORONTALO,KOTA GORONTALO,Kota Tengah
GORONTALO,KOTA GORONTALO,Sipatana
GORONTALO,KOTA GORONTALO,Dumbo Raya
GORONTALO,KOTA GORONTALO,Hulonthalangi
SULAWESI BARAT,KAB. PASANGKAYU,Bambalamotu
SULAWESI BARAT,KAB. PASANGKAYU,Pasangkayu
SULAWESI BARAT,KAB. PASANGKAYU,Baras
SULAWESI BARAT,KAB. PASANGKAYU,Sarudu
SULAWESI BARAT,KAB. PASANGKAYU,Dapurang
SULAWESI BARAT,KAB. PASANGKAYU,Duripoku
SULAWESI BARAT,KAB. PASANGKAYU,Bulu Taba
SULAWESI BARAT,KAB. PASANGKAYU,Tikke Raya
SULAWESI BARAT,KAB. PASANGKAYU,Pedongga
SULAWESI BARAT,KAB. PASANGKAYU,Bambaira
SULAWESI BARAT,KAB. PASANGKAYU,Sarjo
SULAWESI BARAT,KAB. PASANGKAYU,Lariang
SULAWESI BARAT,KAB. MAMUJU,Mamuju
SULAWESI BARAT,KAB. MAMUJU,Tapalang
SULAWESI BARAT,KAB. MAMUJU,Kalukku
SULAWESI BARAT,KAB. MAMUJU,Kalumpang
SULAWESI BARAT,KAB. MAMUJU,Papalang
SULAWESI BARAT,KAB. MAMUJU,Sampaga
SULAWESI BARAT,KAB. MAMUJU,Tommo
SULAWESI BARAT,KAB. MAMUJU,Simboro dan Kepulauan
SULAWESI BARAT,KAB. MAMUJU,Tapalang Barat
SULAWESI BARAT,KAB. MAMUJU,Bonehau
SULAWESI BARAT,KAB. MAMUJU,Kep. Bala Balakang
SULAWESI BARAT,KAB. MAMASA,Mambi
SULAWESI BARAT,KAB. MAMASA,Aralle
SULAWESI BARAT,KAB. MAMASA,Mamasa
SULAWESI BARAT,KAB. MAMASA,Pana
SULAWESI BARAT,KAB. MAMASA,Tabulahan
SULAWESI BARAT,KAB. MAMASA,Sumarorong
SULAWESI BARAT,KAB. MAMASA,Messawa
SULAWESI BARAT,KAB. MAMASA,Sesenapadang
SULAWESI BARAT,KAB. MAMASA,Tanduk Kalua
SULAWESI BARAT,KAB. MAMASA,Tabang
SULAWESI BARAT,KAB. MAMASA,Bambang
SULAWESI BARAT,KAB. MAMASA,Balla
SULAWESI BARAT,KAB. MAMASA,Nosu
SULAWESI BARAT,KAB. MAMASA,Tawalian
SULAWESI BARAT,KAB. MAMASA,Rantebulahan Timur
SULAWESI BARAT,KAB. MAMASA,Buntumalangka
SULAWESI BARAT,KAB. MAMASA,Mehalaan
SULAWESI BARAT,KAB. POLEWALI MANDAR,Tinambung
SULAWESI BARAT,KAB. POLEWALI MANDAR,Campalagian
SULAWESI BARAT,KAB. POLEWALI MANDAR,Wonomulyo
SULAWESI BARAT,KAB. POLEWALI MANDAR,Polewali
SULAWESI BARAT,KAB. POLEWALI MANDAR,Tutar
SULAWESI BARAT,KAB. POLEWALI MANDAR,Binuang
SULAWESI BARAT,KAB. POLEWALI MANDAR,Tapango
SULAWESI BARAT,KAB. POLEWALI MANDAR,Mapilli
SULAWESI BARAT,KAB. POLEWALI MANDAR,Matangnga
SULAWESI BARAT,KAB. POLEWALI MANDAR,Luyo
SULAWESI BARAT,KAB. POLEWALI MANDAR,Limboro
SULAWESI BARAT,KAB. POLEWALI MANDAR,Balanipa
SULAWESI BARAT,KAB. POLEWALI MANDAR,Anreapi
SULAWESI BARAT,KAB. POLEWALI MANDAR,Matakali
SULAWESI BARAT,KAB. POLEWALI MANDAR,Allu
SULAWESI BARAT,KAB. POLEWALI MANDAR,Bulo
SULAWESI BARAT,KAB. MAJENE,Banggae
SULAWESI BARAT,KAB. MAJENE,Pamboang
SULAWESI BARAT,KAB. MAJENE,Sendana
SULAWESI BARAT,KAB. MAJENE,Malunda
SULAWESI BARAT,KAB. MAJENE,Ulumanda
SULAWESI BARAT,KAB. MAJENE,Tammerodo Sendana
SULAWESI BARAT,KAB. MAJENE,Tubo Sendana
SULAWESI BARAT,KAB. MAJENE,Banggae Timur
SULAWESI BARAT,KAB. MAMUJU TENGAH,Tobadak
SULAWESI BARAT,KAB. MAMUJU TENGAH,Pangale
SULAWESI BARAT,KAB. MAMUJU TENGAH,Budong-Budong
SULAWESI BARAT,KAB. MAMUJU TENGAH,Topoyo
SULAWESI BARAT,KAB. MAMUJU TENGAH,Karossa
MALUKU,KAB. MALUKU TENGAH,Amahai
MALUKU,KAB. MALUKU TENGAH,Teon Nila Serua
MALUKU,KAB. MALUKU TENGAH,Seram Utara
MALUKU,KAB. MALUKU TENGAH,Banda
MALUKU,KAB. MALUKU TENGAH,Tehoru
MALUKU,KAB. MALUKU TENGAH,Saparua
MALUKU,KAB. MALUKU TENGAH,Pulau Haruku
MALUKU,KAB. MALUKU TENGAH,Salahutu
MALUKU,KAB. MALUKU TENGAH,Leihitu
MALUKU,KAB. MALUKU TENGAH,Nusa Laut
MALUKU,KAB. MALUKU TENGAH,Kota Masohi
MALUKU,KAB. MALUKU TENGAH,Seram Utara Barat
MALUKU,KAB. MALUKU TENGAH,Teluk Elpaputih
MALUKU,KAB. MALUKU TENGAH,Leihitu Barat
MALUKU,KAB. MALUKU TENGAH,Telutih
MALUKU,KAB. MALUKU TENGAH,Seram Utara Timur Seti
MALUKU,KAB. MALUKU TENGAH,Seram Utara Timur Kobi
MALUKU,KAB. MALUKU TENGAH,Saparua Timur
MALUKU,KAB. MALUKU TENGGARA,Kei Kecil
MALUKU,KAB. MALUKU TENGGARA,Kei Besar
MALUKU,KAB. MALUKU TENGGARA,Kei Besar Selatan
MALUKU,KAB. MALUKU TENGGARA,Kei Besar Utara Timur
MALUKU,KAB. MALUKU TENGGARA,Kei Kecil Timur
MALUKU,KAB. MALUKU TENGGARA,Kei Kecil Barat
MALUKU,KAB. MALUKU TENGGARA,Manyeuw
MALUKU,KAB. MALUKU TENGGARA,Hoat Sorbay
MALUKU,KAB. MALUKU TENGGARA,Kei Besar Utara Barat
MALUKU,KAB. MALUKU TENGGARA,Kei Besar Selatan Barat
MALUKU,KAB. MALUKU TENGGARA,Kei Kecil Timur Selatan
MALUKU,KAB. KEPULAUAN TANIMBAR,Tanimbar Selatan
MALUKU,KAB. KEPULAUAN TANIMBAR,Selaru
MALUKU,KAB. KEPULAUAN TANIMBAR,Wertamrian
MALUKU,KAB. KEPULAUAN TANIMBAR,Wermaktian
MALUKU,KAB. KEPULAUAN TANIMBAR,Tanimbar Utara
MALUKU,KAB. KEPULAUAN TANIMBAR,Fordata
MALUKU,KAB. KEPULAUAN TANIMBAR,Wuar Labobar
MALUKU,KAB. KEPULAUAN TANIMBAR,Kormomolin
MALUKU,KAB. KEPULAUAN TANIMBAR,Nirunmas
MALUKU,KAB. KEPULAUAN TANIMBAR,Molu Maru
MALUKU,KAB. BURU,Namlea
MALUKU,KAB. BURU,Air Buaya
MALUKU,KAB. BURU,Waeapo
MALUKU,KAB. BURU,Waplau
MALUKU,KAB. BURU,Batabual
MALUKU,KAB. BURU,Lolong Guba
MALUKU,KAB. BURU,Waelata
MALUKU,KAB. BURU,Fena Leisela
MALUKU,KAB. BURU,Teluk Kaiely
MALUKU,KAB. BURU,Lilialy
MALUKU,KAB. SERAM BAGIAN TIMUR,Bula
MALUKU,KAB. SERAM BAGIAN TIMUR,Seram Timur
MALUKU,KAB. SERAM BAGIAN TIMUR,Werinama
MALUKU,KAB. SERAM BAGIAN TIMUR,Pulau Gorom
MALUKU,KAB. SERAM BAGIAN TIMUR,Wakate
MALUKU,KAB. SERAM BAGIAN TIMUR,Tutuk Tolu
MALUKU,KAB. SERAM BAGIAN TIMUR,Siwalalat
MALUKU,KAB. SERAM BAGIAN TIMUR,Kilmury
MALUKU,KAB. SERAM BAGIAN TIMUR,Pulau Panjang
MALUKU,KAB. SERAM BAGIAN TIMUR,Teor
MALUKU,KAB. SERAM BAGIAN TIMUR,Gorom Timur
MALUKU,KAB. SERAM BAGIAN TIMUR,Bula Barat
MALUKU,KAB. SERAM BAGIAN TIMUR,Kian Darat
MALUKU,KAB. SERAM BAGIAN TIMUR,Siritaun Wida Timur
MALUKU,KAB. SERAM BAGIAN TIMUR,Teluk Waru
MALUKU,KAB. SERAM BAGIAN BARAT,Kairatu
MALUKU,KAB. SERAM BAGIAN BARAT,Seram Barat
MALUKU,KAB. SERAM BAGIAN BARAT,Taniwel
MALUKU,KAB. SERAM BAGIAN BARAT,Huamual Belakang
MALUKU,KAB. SERAM BAGIAN BARAT,Amalatu
MALUKU,KAB. SERAM BAGIAN BARAT,Inamosol
MALUKU,KAB. SERAM BAGIAN BARAT,Kairatu Barat
MALUKU,KAB. SERAM BAGIAN BARAT,Huamual
MALUKU,KAB. SERAM BAGIAN BARAT,Kepulauan Manipa
MALUKU,KAB. SERAM BAGIAN BARAT,Taniwel Timur
MALUKU,KAB. SERAM BAGIAN BARAT,Elpaputih
MALUKU,KAB. KEPULAUAN ARU,Pulau-Pulau Aru
MALUKU,KAB. KEPULAUAN ARU,Aru Selatan
MALUKU,KAB. KEPULAUAN ARU,Aru Tengah
MALUKU,KAB. KEPULAUAN ARU,Aru Utara
MALUKU,KAB. KEPULAUAN ARU,Aru Utara Timur Batuley
MALUKU,KAB. KEPULAUAN ARU,Sir-Sir
MALUKU,KAB. KEPULAUAN ARU,Aru Tengah Timur
MALUKU,KAB. KEPULAUAN ARU,Aru Tengah Selatan
MALUKU,KAB. KEPULAUAN ARU,Aru Selatan Timur
MALUKU,KAB. KEPULAUAN ARU,Aru Selatan Utara
MALUKU,KAB. MALUKU BARAT DAYA,Moa Lakor
MALUKU,KAB. MALUKU BARAT DAYA,Damer
MALUKU,KAB. MALUKU BARAT DAYA,Mndona Hiera
MALUKU,KAB. MALUKU BARAT DAYA,Pulau-Pulau Babar
MALUKU,KAB. MALUKU BARAT DAYA,Pulau-pulau Babar Timur
MALUKU,KAB. MALUKU BARAT DAYA,Wetar
MALUKU,KAB. MALUKU BARAT DAYA,Pulau-pulau Terselatan
MALUKU,KAB. MALUKU BARAT DAYA,Pulau Leti
MALUKU,KAB. MALUKU BARAT DAYA,Pulau Masela
MALUKU,KAB. MALUKU BARAT DAYA,Dawelor Dawera
MALUKU,KAB. MALUKU BARAT DAYA,Pulau Wetang
MALUKU,KAB. MALUKU BARAT DAYA,Pulau Lakor
MALUKU,KAB. MALUKU BARAT DAYA,Wetar Utara
MALUKU,KAB. MALUKU BARAT DAYA,Wetar Barat
MALUKU,KAB. MALUKU BARAT DAYA,Wetar Timur
MALUKU,KAB. MALUKU BARAT DAYA,Kepulauan Romang
MALUKU,KAB. MALUKU BARAT DAYA,Kisar Utara
MALUKU,KAB. BURU SELATAN,Namrole
MALUKU,KAB. BURU SELATAN,Waesama
MALUKU,KAB. BURU SELATAN,Ambalau
MALUKU,KAB. BURU SELATAN,Kepala Madan
MALUKU,KAB. BURU SELATAN,Leksula
MALUKU,KAB. BURU SELATAN,Fena Fafan
MALUKU,KOTA AMBON,Nusaniwe
MALUKU,KOTA AMBON,Sirimau
MALUKU,KOTA AMBON,Baguala
MALUKU,KOTA AMBON,Teluk Ambon
MALUKU,KOTA AMBON,Leitimur Selatan
MALUKU,KOTA TUAL,Pulau Dullah Utara
MALUKU,KOTA TUAL,Pulau Dullah Selatan
MALUKU,KOTA TUAL,Tayando Tam
MALUKU,KOTA TUAL,Pulau-Pulau Kur
MALUKU,KOTA TUAL,Kur Selatan
MALUKU UTARA,KAB. HALMAHERA BARAT,Jailolo
MALUKU UTARA,KAB. HALMAHERA BARAT,Loloda
MALUKU UTARA,KAB. HALMAHERA BARAT,Ibu
MALUKU UTARA,KAB. HALMAHERA BARAT,Sahu
MALUKU UTARA,KAB. HALMAHERA BARAT,Jailolo Selatan
MALUKU UTARA,KAB. HALMAHERA BARAT,Ibu Utara
MALUKU UTARA,KAB. HALMAHERA BARAT,Ibu Selatan
MALUKU UTARA,KAB. HALMAHERA BARAT,Sahu Timur
MALUKU UTARA,KAB. HALMAHERA BARAT,Loloda Tengah
MALUKU UTARA,KAB. HALMAHERA TENGAH,Weda
MALUKU UTARA,KAB. HALMAHERA TENGAH,Patani
MALUKU UTARA,KAB. HALMAHERA TENGAH,Pulau Gebe
MALUKU UTARA,KAB. HALMAHERA TENGAH,Weda Utara
MALUKU UTARA,KAB. HALMAHERA TENGAH,Weda Selatan
MALUKU UTARA,KAB. HALMAHERA TENGAH,Patani Utara
MALUKU UTARA,KAB. HALMAHERA TENGAH,Weda Tengah
MALUKU UTARA,KAB. HALMAHERA TENGAH,Patani Barat
MALUKU UTARA,KAB. HALMAHERA TENGAH,Weda Timur
MALUKU UTARA,KAB. HALMAHERA TENGAH,Patani Timur
MALUKU UTARA,KAB. HALMAHERA UTARA,Galela
MALUKU UTARA,KAB. HALMAHERA UTARA,Tobelo
MALUKU UTARA,KAB. HALMAHERA UTARA,Tobelo Selatan
MALUKU UTARA,KAB. HALMAHERA UTARA,Kao
MALUKU UTARA,KAB. HALMAHERA UTARA,Malifut
MALUKU UTARA,KAB. HALMAHERA UTARA,Loloda Utara
MALUKU UTARA,KAB. HALMAHERA UTARA,Tobelo Utara
MALUKU UTARA,KAB. HALMAHERA UTARA,Tobelo Tengah
MALUKU UTARA,KAB. HALMAHERA UTARA,Tobelo Timur
MALUKU UTARA,KAB. HALMAHERA UTARA,Tobelo Barat
MALUKU UTARA,KAB. HALMAHERA UTARA,Galela Barat
MALUKU UTARA,KAB. HALMAHERA UTARA,Galela Utara
MALUKU UTARA,KAB. HALMAHERA UTARA,Galela Selatan
MALUKU UTARA,KAB. HALMAHERA UTARA,Loloda Kepulauan
MALUKU UTARA,KAB. HALMAHERA UTARA,Kao Utara
MALUKU UTARA,KAB. HALMAHERA UTARA,Kao Barat
MALUKU UTARA,KAB. HALMAHERA UTARA,Kao Teluk
MALUKU UTARA,KAB. HALMAHERA SELATAN,Pulau Makian
MALUKU UTARA,KAB. HALMAHERA SELATAN,Kayoa
MALUKU UTARA,KAB. HALMAHERA SELATAN,Gane Timur
MALUKU UTARA,KAB. HALMAHERA SELATAN,Gane Barat
MALUKU UTARA,KAB. HALMAHERA SELATAN,Obi Selatan
MALUKU UTARA,KAB. HALMAHERA SELATAN,Obi
MALUKU UTARA,KAB. HALMAHERA SELATAN,Bacan Timur
MALUKU UTARA,KAB. HALMAHERA SELATAN,Bacan
MALUKU UTARA,KAB. HALMAHERA SELATAN,Bacan Barat
MALUKU UTARA,KAB. HALMAHERA SELATAN,Makian Barat
MALUKU UTARA,KAB. HALMAHERA SELATAN,Kayoa Barat
MALUKU UTARA,KAB. HALMAHERA SELATAN,Kayoa Selatan
MALUKU UTARA,KAB. HALMAHERA SELATAN,Kayoa Utara
MALUKU UTARA,KAB. HALMAHERA SELATAN,Bacan Barat Utara
MALUKU UTARA,KAB. HALMAHERA SELATAN,Kasiruta Barat
MALUKU UTARA,KAB. HALMAHERA SELATAN,Kasiruta Timur
MALUKU UTARA,KAB. HALMAHERA SELATAN,Bacan Selatan
MALUKU UTARA,KAB. HALMAHERA SELATAN,Kepulauan Botanglomang
MALUKU UTARA,KAB. HALMAHERA SELATAN,Mandioli Selatan
MALUKU UTARA,KAB. HALMAHERA SELATAN,Mandioli Utara
MALUKU UTARA,KAB. HALMAHERA SELATAN,Bacan Timur Selatan
MALUKU UTARA,KAB. HALMAHERA SELATAN,Bacan Timur Tengah
MALUKU UTARA,KAB. HALMAHERA SELATAN,Gane Barat Selatan
MALUKU UTARA,KAB. HALMAHERA SELATAN,Gane Barat Utara
MALUKU UTARA,KAB. HALMAHERA SELATAN,Kepulauan Joronga
MALUKU UTARA,KAB. HALMAHERA SELATAN,Gane Timur Selatan
MALUKU UTARA,KAB. HALMAHERA SELATAN,Gane Timur Tengah
MALUKU UTARA,KAB. HALMAHERA SELATAN,Obi Barat
MALUKU UTARA,KAB. HALMAHERA SELATAN,Obi Timur
MALUKU UTARA,KAB. HALMAHERA SELATAN,Obi Utara
MALUKU UTARA,KAB. KEPULAUAN SULA,Mangoli Timur
MALUKU UTARA,KAB. KEPULAUAN SULA,Sanana
MALUKU UTARA,KAB. KEPULAUAN SULA,Sulabesi Barat
MALUKU UTARA,KAB. KEPULAUAN SULA,Mangoli Barat
MALUKU UTARA,KAB. KEPULAUAN SULA,Sulabesi Tengah
MALUKU UTARA,KAB. KEPULAUAN SULA,Sulabesi Timur
MALUKU UTARA,KAB. KEPULAUAN SULA,Sulabesi Selatan
MALUKU UTARA,KAB. KEPULAUAN SULA,Mangoli Utara Timur
MALUKU UTARA,KAB. KEPULAUAN SULA,Mangoli Tengah
MALUKU UTARA,KAB. KEPULAUAN SULA,Mangoli Selatan
MALUKU UTARA,KAB. KEPULAUAN SULA,Mangoli Utara
MALUKU UTARA,KAB. KEPULAUAN SULA,Sanana Utara
MALUKU UTARA,KAB. HALMAHERA TIMUR,Wasile
MALUKU UTARA,KAB. HALMAHERA TIMUR,Maba
MALUKU UTARA,KAB. HALMAHERA TIMUR,Maba Selatan
MALUKU UTARA,KAB. HALMAHERA TIMUR,Wasile Selatan
MALUKU UTARA,KAB. HALMAHERA TIMUR,Wasile Tengah
MALUKU UTARA,KAB. HALMAHERA TIMUR,Wasile Utara
MALUKU UTARA,KAB. HALMAHERA TIMUR,Wasile Timur
MALUKU UTARA,KAB. HALMAHERA TIMUR,Maba Tengah
MALUKU UTARA,KAB. HALMAHERA TIMUR,Maba Utara
MALUKU UTARA,KAB. HALMAHERA TIMUR,Kota Maba
MALUKU UTARA,KAB. PULAU MOROTAI,Morotai Selatan
MALUKU UTARA,KAB. PULAU MOROTAI,Morotai Selatan Barat
MALUKU UTARA,KAB. PULAU MOROTAI,Morotai Jaya
MALUKU UTARA,KAB. PULAU MOROTAI,Morotai Utara
MALUKU UTARA,KAB. PULAU MOROTAI,Morotai Timur
MALUKU UTARA,KAB. PULAU MOROTAI,Pulau Rao
MALUKU UTARA,KAB. PULAU TALIABU,Taliabu Barat
MALUKU UTARA,KAB. PULAU TALIABU,Taliabu Barat Laut
MALUKU UTARA,KAB. PULAU TALIABU,Lede
MALUKU UTARA,KAB. PULAU TALIABU,Taliabu Utara
MALUKU UTARA,KAB. PULAU TALIABU,Taliabu Timur
MALUKU UTARA,KAB. PULAU TALIABU,Taliabu Timur Selatan
MALUKU UTARA,KAB. PULAU TALIABU,Taliabu Selatan
MALUKU UTARA,KAB. PULAU TALIABU,Tabona
MALUKU UTARA,KOTA TERNATE,Pulau Ternate
MALUKU UTARA,KOTA TERNATE,Kota Ternate Selatan
MALUKU UTARA,KOTA TERNATE,Kota Ternate Utara
MALUKU UTARA,KOTA TERNATE,Moti
MALUKU UTARA,KOTA TERNATE,Pulau Batang Dua
MALUKU UTARA,KOTA TERNATE,Kota Ternate Tengah
MALUKU UTARA,KOTA TERNATE,Pulau Hiri
MALUKU UTARA,KOTA TERNATE,Ternate Barat
MALUKU UTARA,KOTA TIDORE KEPULAUAN,Tidore
MALUKU UTARA,KOTA TIDORE KEPULAUAN,Oba Utara
MALUKU UTARA,KOTA TIDORE KEPULAUAN,Oba
MALUKU UTARA,KOTA TIDORE KEPULAUAN,Tidore Selatan
MALUKU UTARA,KOTA TIDORE KEPULAUAN,Tidore Utara
MALUKU UTARA,KOTA TIDORE KEPULAUAN,Oba Tengah
MALUKU UTARA,KOTA TIDORE KEPULAUAN,Oba Selatan
MALUKU UTARA,KOTA TIDORE KEPULAUAN,Tidore Timur
PAPUA,KAB. JAYAPURA,Sentani
PAPUA,KAB. JAYAPURA,Sentani Timur
PAPUA,KAB. JAYAPURA,Depapre
PAPUA,KAB. JAYAPURA,Sentani Barat
PAPUA,KAB. JAYAPURA,Kemtuk
PAPUA,KAB. JAYAPURA,Kemtuk Gresi
PAPUA,KAB. JAYAPURA,Nimboran
PAPUA,KAB. JAYAPURA,Nimbokrang
PAPUA,KAB. JAYAPURA,Unurum Guay
PAPUA,KAB. JAYAPURA,Demta
PAPUA,KAB. JAYAPURA,Kaureh
PAPUA,KAB. JAYAPURA,Ebungfao
PAPUA,KAB. JAYAPURA,Waibu
PAPUA,KAB. JAYAPURA,Nambluong
PAPUA,KAB. JAYAPURA,Yapsi
PAPUA,KAB. JAYAPURA,Airu
PAPUA,KAB. JAYAPURA,Raveni Rara
PAPUA,KAB. JAYAPURA,Gresi Selatan
PAPUA,KAB. JAYAPURA,Yokari
PAPUA,KAB. KEPULAUAN YAPEN,Yapen Selatan
PAPUA,KAB. KEPULAUAN YAPEN,Yapen Barat
PAPUA,KAB. KEPULAUAN YAPEN,Yapen Timur
PAPUA,KAB. KEPULAUAN YAPEN,Angkaisera
PAPUA,KAB. KEPULAUAN YAPEN,Poom
PAPUA,KAB. KEPULAUAN YAPEN,Kosiwo
PAPUA,KAB. KEPULAUAN YAPEN,Yapen Utara
PAPUA,KAB. KEPULAUAN YAPEN,Raimbawi
PAPUA,KAB. KEPULAUAN YAPEN,Teluk Ampimoi
PAPUA,KAB. KEPULAUAN YAPEN,Kepulauan Ambai
PAPUA,KAB. KEPULAUAN YAPEN,Wonawa
PAPUA,KAB. KEPULAUAN YAPEN,Windesi
PAPUA,KAB. KEPULAUAN YAPEN,Pulau Kurudu
PAPUA,KAB. KEPULAUAN YAPEN,Pulau Yerui
PAPUA,KAB. KEPULAUAN YAPEN,Anotaurei
PAPUA,KAB. KEPULAUAN YAPEN,Yawakukat
PAPUA,KAB. KEPULAUAN YAPEN,Nusawani
PAPUA,KAB. BIAK NUMFOR,Biak Kota
PAPUA,KAB. BIAK NUMFOR,Biak Utara
PAPUA,KAB. BIAK NUMFOR,Biak Timur
PAPUA,KAB. BIAK NUMFOR,Numfor Barat
PAPUA,KAB. BIAK NUMFOR,Numfor Timur
PAPUA,KAB. BIAK NUMFOR,Biak Barat
PAPUA,KAB. BIAK NUMFOR,Warsa
PAPUA,KAB. BIAK NUMFOR,Padaido
PAPUA,KAB. BIAK NUMFOR,Yendidori
PAPUA,KAB. BIAK NUMFOR,Samofa
PAPUA,KAB. BIAK NUMFOR,Yawosi
PAPUA,KAB. BIAK NUMFOR,Andey
PAPUA,KAB. BIAK NUMFOR,Swandiwe
PAPUA,KAB. BIAK NUMFOR,Bruyadori
PAPUA,KAB. BIAK NUMFOR,Orkeri
PAPUA,KAB. BIAK NUMFOR,Poiru
PAPUA,KAB. BIAK NUMFOR,Aimando Padaido
PAPUA,KAB. BIAK NUMFOR,Oridek
PAPUA,KAB. BIAK NUMFOR,Bondifuar
PAPUA,KAB. SARMI,Sarmi
PAPUA,KAB. SARMI,Tor Atas
PAPUA,KAB. SARMI,Pantai Barat
PAPUA,KAB. SARMI,Pantai Timur
PAPUA,KAB. SARMI,Bonggo
PAPUA,KAB. SARMI,Apawer Hulu
PAPUA,KAB. SARMI,Sarmi Selatan
PAPUA,KAB. SARMI,Sarmi Timur
PAPUA,KAB. SARMI,Pantai Timur Bagian Barat
PAPUA,KAB. SARMI,Bonggo Timur
PAPUA,KAB. KEEROM,Waris
PAPUA,KAB. KEEROM,Arso
PAPUA,KAB. KEEROM,Senggi
PAPUA,KAB. KEEROM,Web
PAPUA,KAB. KEEROM,Skanto
PAPUA,KAB. KEEROM,Arso Timur
PAPUA,KAB. KEEROM,Towe
PAPUA,KAB. KEEROM,Arso Barat
PAPUA,KAB. KEEROM,Mannem
PAPUA,KAB. KEEROM,Yaffi
PAPUA,KAB. KEEROM,Kaisenar
PAPUA,KAB. WAROPEN,Waropen Bawah
PAPUA,KAB. WAROPEN,Masirei
PAPUA,KAB. WAROPEN,Risei Sayati
PAPUA,KAB. WAROPEN,Urei Faisei
PAPUA,KAB. WAROPEN,Inggerus
PAPUA,KAB. WAROPEN,Kirihi
PAPUA,KAB. WAROPEN,Oudate
PAPUA,KAB. WAROPEN,Wapoga
PAPUA,KAB. WAROPEN,Demba
PAPUA,KAB. WAROPEN,Wonti
PAPUA,KAB. WAROPEN,Soyoi Mambai
PAPUA,KAB. SUPIORI,Supiori Selatan
PAPUA,KAB. SUPIORI,Supiori Utara
PAPUA,KAB. SUPIORI,Supiori Timur
PAPUA,KAB. SUPIORI,Kepulauan Aruri
PAPUA,KAB. SUPIORI,Supiori Barat
PAPUA,KAB. MAMBERAMO RAYA,Mamberamo Tengah
PAPUA,KAB. MAMBERAMO RAYA,Mamberamo Hulu
PAPUA,KAB. MAMBERAMO RAYA,Rufaer
PAPUA,KAB. MAMBERAMO RAYA,Mamberamo Tengah Timur
PAPUA,KAB. MAMBERAMO RAYA,Mamberamo Hilir
PAPUA,KAB. MAMBERAMO RAYA,Waropen Atas
PAPUA,KAB. MAMBERAMO RAYA,Benuki
PAPUA,KAB. MAMBERAMO RAYA,Sawai
PAPUA,KOTA JAYAPURA,Jayapura Utara
PAPUA,KOTA JAYAPURA,Jayapura Selatan
PAPUA,KOTA JAYAPURA,Abepura
PAPUA,KOTA JAYAPURA,Muara Tami
PAPUA,KOTA JAYAPURA,Heram
PAPUA BARAT,KAB. SORONG,Makbon
PAPUA BARAT,KAB. SORONG,Beraur
PAPUA BARAT,KAB. SORONG,Salawati
PAPUA BARAT,KAB. SORONG,Seget
PAPUA BARAT,KAB. SORONG,Aimas
PAPUA BARAT,KAB. SORONG,Klamono
PAPUA BARAT,KAB. SORONG,Sayosa
PAPUA BARAT,KAB. SORONG,Segun
PAPUA BARAT,KAB. SORONG,Mayamuk
PAPUA BARAT,KAB. SORONG,Salawati Selatan
PAPUA BARAT,KAB. SORONG,Klabot
PAPUA BARAT,KAB. SORONG,Klawak
PAPUA BARAT,KAB. SORONG,Maudus
PAPUA BARAT,KAB. SORONG,Mariat
PAPUA BARAT,KAB. SORONG,Klayili
PAPUA BARAT,KAB. SORONG,Klaso
PAPUA BARAT,KAB. SORONG,Moisegen
PAPUA BARAT,KAB. SORONG,Sorong
PAPUA BARAT,KAB. SORONG,Bagun
PAPUA BARAT,KAB. SORONG,Wemak
PAPUA BARAT,KAB. SORONG,Sunook
PAPUA BARAT,KAB. SORONG,Buk
PAPUA BARAT,KAB. SORONG,Saengkeduk
PAPUA BARAT,KAB. SORONG,Malabotom
PAPUA BARAT,KAB. SORONG,Konhir
PAPUA BARAT,KAB. SORONG,Klasafet
PAPUA BARAT,KAB. SORONG,Hobard
PAPUA BARAT,KAB. SORONG,Salawati Tengah
PAPUA BARAT,KAB. SORONG,Botain
PAPUA BARAT,KAB. SORONG,Sayosa Timur
PAPUA BARAT,KAB. MANOKWARI,Warmare
PAPUA BARAT,KAB. MANOKWARI,Prafi
PAPUA BARAT,KAB. MANOKWARI,Masni
PAPUA BARAT,KAB. MANOKWARI,Manokwari Barat
PAPUA BARAT,KAB. MANOKWARI,Manokwari Timur
PAPUA BARAT,KAB. MANOKWARI,Manokwari Utara
PAPUA BARAT,KAB. MANOKWARI,Manokwari Selatan
PAPUA BARAT,KAB. MANOKWARI,Tanah Rubuh
PAPUA BARAT,KAB. MANOKWARI,Sidey
PAPUA BARAT,KAB. FAK FAK,Fak-Fak
PAPUA BARAT,KAB. FAK FAK,Fak-Fak Barat
PAPUA BARAT,KAB. FAK FAK,Fak-Fak Timur
PAPUA BARAT,KAB. FAK FAK,Kokas
PAPUA BARAT,KAB. FAK FAK,Fak-Fak Tengah
PAPUA BARAT,KAB. FAK FAK,Karas
PAPUA BARAT,KAB. FAK FAK,Bomberay
PAPUA BARAT,KAB. FAK FAK,Kramongmongga
PAPUA BARAT,KAB. FAK FAK,Teluk Patipi
PAPUA BARAT,KAB. FAK FAK,Pariwari
PAPUA BARAT,KAB. FAK FAK,Wartutin
PAPUA BARAT,KAB. FAK FAK,Fakfak Timur Tengah
PAPUA BARAT,KAB. FAK FAK,Arguni
PAPUA BARAT,KAB. FAK FAK,Mbahamdandara
PAPUA BARAT,KAB. FAK FAK,Kayauni
PAPUA BARAT,KAB. FAK FAK,Furwagi
PAPUA BARAT,KAB. FAK FAK,Tomage
PAPUA BARAT,KAB. SORONG SELATAN,Teminabuan
PAPUA BARAT,KAB. SORONG SELATAN,Inanwatan
PAPUA BARAT,KAB. SORONG SELATAN,Sawiat
PAPUA BARAT,KAB. SORONG SELATAN,Kokoda
PAPUA BARAT,KAB. SORONG SELATAN,Moswaren
PAPUA BARAT,KAB. SORONG SELATAN,Seremuk
PAPUA BARAT,KAB. SORONG SELATAN,Wayer
PAPUA BARAT,KAB. SORONG SELATAN,Kais
PAPUA BARAT,KAB. SORONG SELATAN,Konda
PAPUA BARAT,KAB. SORONG SELATAN,Matemani
PAPUA BARAT,KAB. SORONG SELATAN,Kokoda Utara
PAPUA BARAT,KAB. SORONG SELATAN,Saifi
PAPUA BARAT,KAB. SORONG SELATAN,Fokour
PAPUA BARAT,KAB. SORONG SELATAN,Salkma
PAPUA BARAT,KAB. SORONG SELATAN,Kais Darat
PAPUA BARAT,KAB. RAJA AMPAT,Misool (Misool Utara)
PAPUA BARAT,KAB. RAJA AMPAT,Waigeo Utara
PAPUA BARAT,KAB. RAJA AMPAT,Waigeo Selatan
PAPUA BARAT,KAB. RAJA AMPAT,Salawati Utara
PAPUA BARAT,KAB. RAJA AMPAT,Kepulauan Ayau
PAPUA BARAT,KAB. RAJA AMPAT,Misool Timur
PAPUA BARAT,KAB. RAJA AMPAT,Waigeo Barat
PAPUA BARAT,KAB. RAJA AMPAT,Waigeo Timur
PAPUA BARAT,KAB. RAJA AMPAT,Teluk Mayalibit
PAPUA BARAT,KAB. RAJA AMPAT,Kofiau
PAPUA BARAT,KAB. RAJA AMPAT,Meos Mansar
PAPUA BARAT,KAB. RAJA AMPAT,Misool Selatan
PAPUA BARAT,KAB. RAJA AMPAT,Warwarbomi
PAPUA BARAT,KAB. RAJA AMPAT,Waigeo Barat Kepulauan
PAPUA BARAT,KAB. RAJA AMPAT,Misool Barat
PAPUA BARAT,KAB. RAJA AMPAT,Kepulauan Sembilan
PAPUA BARAT,KAB. RAJA AMPAT,Kota Waisai
PAPUA BARAT,KAB. RAJA AMPAT,Tiplol Mayalibit
PAPUA BARAT,KAB. RAJA AMPAT,Batanta Utara
PAPUA BARAT,KAB. RAJA AMPAT,Salawati Barat
PAPUA BARAT,KAB. RAJA AMPAT,Salawati Tengah
PAPUA BARAT,KAB. RAJA AMPAT,Supnin
PAPUA BARAT,KAB. RAJA AMPAT,Ayau
PAPUA BARAT,KAB. RAJA AMPAT,Batanta Selatan
PAPUA BARAT,KAB. TELUK BINTUNI,Bintuni
PAPUA BARAT,KAB. TELUK BINTUNI,Merdey
PAPUA BARAT,KAB. TELUK BINTUNI,Babo
PAPUA BARAT,KAB. TELUK BINTUNI,Aranday
PAPUA BARAT,KAB. TELUK BINTUNI,Moskona Selatan
PAPUA BARAT,KAB. TELUK BINTUNI,Moskona Utara
PAPUA BARAT,KAB. TELUK BINTUNI,Wamesa
PAPUA BARAT,KAB. TELUK BINTUNI,Fafurwar
PAPUA BARAT,KAB. TELUK BINTUNI,Tembuni
PAPUA BARAT,KAB. TELUK BINTUNI,Kuri
PAPUA BARAT,KAB. TELUK BINTUNI,Manimeri
PAPUA BARAT,KAB. TELUK BINTUNI,Tuhiba
PAPUA BARAT,KAB. TELUK BINTUNI,Dataran Beimes
PAPUA BARAT,KAB. TELUK BINTUNI,Sumuri
PAPUA BARAT,KAB. TELUK BINTUNI,Kaitaro
PAPUA BARAT,KAB. TELUK BINTUNI,Aroba
PAPUA BARAT,KAB. TELUK BINTUNI,Masyeta
PAPUA BARAT,KAB. TELUK BINTUNI,Biscoop
PAPUA BARAT,KAB. TELUK BINTUNI,Tomu
PAPUA BARAT,KAB. TELUK BINTUNI,Kamundan
PAPUA BARAT,KAB. TELUK BINTUNI,Weriagar
PAPUA BARAT,KAB. TELUK BINTUNI,Moskona Barat
PAPUA BARAT,KAB. TELUK BINTUNI,Meyado
PAPUA BARAT,KAB. TELUK BINTUNI,Moskona Timur
PAPUA BARAT,KAB. TELUK WONDAMA,Wasior
PAPUA BARAT,KAB. TELUK WONDAMA,Windesi
PAPUA BARAT,KAB. TELUK WONDAMA,Teluk Duairi
PAPUA BARAT,KAB. TELUK WONDAMA,Wondiboy
PAPUA BARAT,KAB. TELUK WONDAMA,Wamesa
PAPUA BARAT,KAB. TELUK WONDAMA,Rumberpon
PAPUA BARAT,KAB. TELUK WONDAMA,Naikere
PAPUA BARAT,KAB. TELUK WONDAMA,Rasiei
PAPUA BARAT,KAB. TELUK WONDAMA,Kuri Wamesa
PAPUA BARAT,KAB. TELUK WONDAMA,Roon
PAPUA BARAT,KAB. TELUK WONDAMA,Roswar
PAPUA BARAT,KAB. TELUK WONDAMA,Nikiwar
PAPUA BARAT,KAB. TELUK WONDAMA,Soug Jaya
PAPUA BARAT,KAB. KAIMANA,Kaimana
PAPUA BARAT,KAB. KAIMANA,Buruway
PAPUA BARAT,KAB. KAIMANA,Teluk Arguni Atas
PAPUA BARAT,KAB. KAIMANA,Teluk Etna
PAPUA BARAT,KAB. KAIMANA,Kambrau
PAPUA BARAT,KAB. KAIMANA,Teluk Arguni Bawah
PAPUA BARAT,KAB. KAIMANA,Yamor
PAPUA BARAT,KAB. TAMBRAUW,Fef
PAPUA BARAT,KAB. TAMBRAUW,Miyah
PAPUA BARAT,KAB. TAMBRAUW,Yembun
PAPUA BARAT,KAB. TAMBRAUW,Kwoor
PAPUA BARAT,KAB. TAMBRAUW,Sausapor
PAPUA BARAT,KAB. TAMBRAUW,Abun
PAPUA BARAT,KAB. TAMBRAUW,Syujak
PAPUA BARAT,KAB. TAMBRAUW,Moraid
PAPUA BARAT,KAB. TAMBRAUW,Kebar
PAPUA BARAT,KAB. TAMBRAUW,Amberbaken
PAPUA BARAT,KAB. TAMBRAUW,Senopi
PAPUA BARAT,KAB. TAMBRAUW,Mubrani
PAPUA BARAT,KAB. TAMBRAUW,Bikar
PAPUA BARAT,KAB. TAMBRAUW,Bamusbama
PAPUA BARAT,KAB. TAMBRAUW,Ases
PAPUA BARAT,KAB. TAMBRAUW,Miyah Selatan
PAPUA BARAT,KAB. TAMBRAUW,Ireres
PAPUA BARAT,KAB. TAMBRAUW,Tobouw
PAPUA BARAT,KAB. TAMBRAUW,Wilhem Roumbouts
PAPUA BARAT,KAB. TAMBRAUW,Tinggouw
PAPUA BARAT,KAB. TAMBRAUW,Kwesefo
PAPUA BARAT,KAB. TAMBRAUW,Mawabuan
PAPUA BARAT,KAB. TAMBRAUW,Kebar Timur
PAPUA BARAT,KAB. TAMBRAUW,Kebar Selatan
PAPUA BARAT,KAB. TAMBRAUW,Manekar
PAPUA BARAT,KAB. TAMBRAUW,Mpur
PAPUA BARAT,KAB. TAMBRAUW,Amberbaken Barat
PAPUA BARAT,KAB. TAMBRAUW,Kasi
PAPUA BARAT,KAB. TAMBRAUW,Selemkai
PAPUA BARAT,KAB. MAYBRAT,Aifat
PAPUA BARAT,KAB. MAYBRAT,Aifat Utara
PAPUA BARAT,KAB. MAYBRAT,Aifat Timur
PAPUA BARAT,KAB. MAYBRAT,Aifat Selatan
PAPUA BARAT,KAB. MAYBRAT,Aitinyo Barat
PAPUA BARAT,KAB. MAYBRAT,Aitinyo
PAPUA BARAT,KAB. MAYBRAT,Aitinyo Utara
PAPUA BARAT,KAB. MAYBRAT,Ayamaru
PAPUA BARAT,KAB. MAYBRAT,Ayamaru Utara
PAPUA BARAT,KAB. MAYBRAT,Ayamaru Timur
PAPUA BARAT,KAB. MAYBRAT,Mare
PAPUA BARAT,KAB. MAYBRAT,Aifat Timur Tengah
PAPUA BARAT,KAB. MAYBRAT,Aifat Timur Jauh
PAPUA BARAT,KAB. MAYBRAT,Aifat Timur Selatan
PAPUA BARAT,KAB. MAYBRAT,Ayamaru Selatan
PAPUA BARAT,KAB. MAYBRAT,Ayamaru Jaya
PAPUA BARAT,KAB. MAYBRAT,Ayamaru Selatan Jaya
PAPUA BARAT,KAB. MAYBRAT,Ayamaru Timur Selatan
PAPUA BARAT,KAB. MAYBRAT,Ayamaru Utara Timur
PAPUA BARAT,KAB. MAYBRAT,Ayamaru Tengah
PAPUA BARAT,KAB. MAYBRAT,Ayamaru Barat
PAPUA BARAT,KAB. MAYBRAT,Aitinyo Tengah
PAPUA BARAT,KAB. MAYBRAT,Aitinyo Raya
PAPUA BARAT,KAB. MAYBRAT,Mare Selatan
PAPUA BARAT,KAB. MANOKWARI SELATAN,Ransiki
PAPUA BARAT,KAB. MANOKWARI SELATAN,Oransbari
PAPUA BARAT,KAB. MANOKWARI SELATAN,Neney
PAPUA BARAT,KAB. MANOKWARI SELATAN,Dataran Isim
PAPUA BARAT,KAB. MANOKWARI SELATAN,Momi Waren
PAPUA BARAT,KAB. MANOKWARI SELATAN,Tahota
PAPUA BARAT,KAB. PEGUNUNGAN ARFAK,Anggi
PAPUA BARAT,KAB. PEGUNUNGAN ARFAK,Anggi Gida
PAPUA BARAT,KAB. PEGUNUNGAN ARFAK,Membey
PAPUA BARAT,KAB. PEGUNUNGAN ARFAK,Sururey
PAPUA BARAT,KAB. PEGUNUNGAN ARFAK,Didohu
PAPUA BARAT,KAB. PEGUNUNGAN ARFAK,Taige
PAPUA BARAT,KAB. PEGUNUNGAN ARFAK,Catubouw
PAPUA BARAT,KAB. PEGUNUNGAN ARFAK,Testega
PAPUA BARAT,KAB. PEGUNUNGAN ARFAK,Minyambaouw
PAPUA BARAT,KAB. PEGUNUNGAN ARFAK,Hingk
PAPUA BARAT,KOTA SORONG,Sorong
PAPUA BARAT,KOTA SORONG,Sorong Timur
PAPUA BARAT,KOTA SORONG,Sorong Barat
PAPUA BARAT,KOTA SORONG,Sorong Kepulauan
PAPUA BARAT,KOTA SORONG,Sorong Utara
PAPUA BARAT,KOTA SORONG,Sorong Manoi
PAPUA BARAT,KOTA SORONG,Sorong Kota
PAPUA BARAT,KOTA SORONG,Klaurung
PAPUA BARAT,KOTA SORONG,Malaimsimsa
PAPUA BARAT,KOTA SORONG,Maladum Mes
PAPUA SELATAN,KAB. MERAUKE,Merauke
PAPUA SELATAN,KAB. MERAUKE,Muting
PAPUA SELATAN,KAB. MERAUKE,Okaba
PAPUA SELATAN,KAB. MERAUKE,Kimaam
PAPUA SELATAN,KAB. MERAUKE,Semangga
PAPUA SELATAN,KAB. MERAUKE,Tanah Miring
PAPUA SELATAN,KAB. MERAUKE,Jagebob
PAPUA SELATAN,KAB. MERAUKE,Sota
PAPUA SELATAN,KAB. MERAUKE,Ulilin
PAPUA SELATAN,KAB. MERAUKE,Elikobal
PAPUA SELATAN,KAB. MERAUKE,Kurik
PAPUA SELATAN,KAB. MERAUKE,Naukenjerai
PAPUA SELATAN,KAB. MERAUKE,Animha
PAPUA SELATAN,KAB. MERAUKE,Malind
PAPUA SELATAN,KAB. MERAUKE,Tubang
PAPUA SELATAN,KAB. MERAUKE,Ngguti
PAPUA SELATAN,KAB. MERAUKE,Kaptel
PAPUA SELATAN,KAB. MERAUKE,Tabonji
PAPUA SELATAN,KAB. MERAUKE,Waan
PAPUA SELATAN,KAB. MERAUKE,Ilwayab
PAPUA SELATAN,KAB. MERAUKE,Padua
PAPUA SELATAN,KAB. MERAUKE,Kontuar
PAPUA SELATAN,KAB. BOVEN DIGOEL,Mandobo
PAPUA SELATAN,KAB. BOVEN DIGOEL,Mindiptana
PAPUA SELATAN,KAB. BOVEN DIGOEL,Waropko
PAPUA SELATAN,KAB. BOVEN DIGOEL,Kouh
PAPUA SELATAN,KAB. BOVEN DIGOEL,Jair
PAPUA SELATAN,KAB. BOVEN DIGOEL,Bomakia
PAPUA SELATAN,KAB. BOVEN DIGOEL,Kombut
PAPUA SELATAN,KAB. BOVEN DIGOEL,Iniyandit
PAPUA SELATAN,KAB. BOVEN DIGOEL,Arimop
PAPUA SELATAN,KAB. BOVEN DIGOEL,Fofi
PAPUA SELATAN,KAB. BOVEN DIGOEL,Ambatkwi
PAPUA SELATAN,KAB. BOVEN DIGOEL,Manggelum
PAPUA SELATAN,KAB. BOVEN DIGOEL,Firiwage
PAPUA SELATAN,KAB. BOVEN DIGOEL,Yaniruma
PAPUA SELATAN,KAB. BOVEN DIGOEL,Subur
PAPUA SELATAN,KAB. BOVEN DIGOEL,Kombay
PAPUA SELATAN,KAB. BOVEN DIGOEL,Ninati
PAPUA SELATAN,KAB. BOVEN DIGOEL,Sesnuk
PAPUA SELATAN,KAB. BOVEN DIGOEL,Ki
PAPUA SELATAN,KAB. BOVEN DIGOEL,Kawagit
PAPUA SELATAN,KAB. MAPPI,Obaa
PAPUA SELATAN,KAB. MAPPI,Mambioman Bapai
PAPUA SELATAN,KAB. MAPPI,Citak-Mitak
PAPUA SELATAN,KAB. MAPPI,Edera
PAPUA SELATAN,KAB. MAPPI,Haju
PAPUA SELATAN,KAB. MAPPI,Assue
PAPUA SELATAN,KAB. MAPPI,Kaibar
PAPUA SELATAN,KAB. MAPPI,Passue
PAPUA SELATAN,KAB. MAPPI,Minyamur
PAPUA SELATAN,KAB. MAPPI,Venaha
PAPUA SELATAN,KAB. MAPPI,Syahcame
PAPUA SELATAN,KAB. MAPPI,Yakomi
PAPUA SELATAN,KAB. MAPPI,Bamgi
PAPUA SELATAN,KAB. MAPPI,Passue Bawah
PAPUA SELATAN,KAB. MAPPI,Ti Zain
PAPUA SELATAN,KAB. ASMAT,Agats
PAPUA SELATAN,KAB. ASMAT,Atsj
PAPUA SELATAN,KAB. ASMAT,Sawa Erma
PAPUA SELATAN,KAB. ASMAT,Akat
PAPUA SELATAN,KAB. ASMAT,Fayit
PAPUA SELATAN,KAB. ASMAT,Pantai Kasuari
PAPUA SELATAN,KAB. ASMAT,Suator
PAPUA SELATAN,KAB. ASMAT,Suru-suru
PAPUA SELATAN,KAB. ASMAT,Kolf Braza
PAPUA SELATAN,KAB. ASMAT,Unir Sirau
PAPUA SELATAN,KAB. ASMAT,Joerat
PAPUA SELATAN,KAB. ASMAT,Pulau Tiga
PAPUA SELATAN,KAB. ASMAT,Jetsy
PAPUA SELATAN,KAB. ASMAT,Der Koumur
PAPUA SELATAN,KAB. ASMAT,Kopay
PAPUA SELATAN,KAB. ASMAT,Safan
PAPUA SELATAN,KAB. ASMAT,Sirets
PAPUA SELATAN,KAB. ASMAT,Ayip
PAPUA SELATAN,KAB. ASMAT,Betcbamu
PAPUA SELATAN,KAB. ASMAT,Joutu
PAPUA SELATAN,KAB. ASMAT,Aswi
PAPUA SELATAN,KAB. ASMAT,Awyu
PAPUA SELATAN,KAB. ASMAT,Koroway Buluanop
PAPUA SELATAN,KAB. ASMAT,Tomor Birip
PAPUA SELATAN,KAB. ASMAT,Sor Ep
PAPUA TENGAH,KAB. NABIRE,Nabire
PAPUA TENGAH,KAB. NABIRE,Napan
PAPUA TENGAH,KAB. NABIRE,Yaur
PAPUA TENGAH,KAB. NABIRE,Uwapa
PAPUA TENGAH,KAB. NABIRE,Wanggar
PAPUA TENGAH,KAB. NABIRE,Siriwo
PAPUA TENGAH,KAB. NABIRE,Makimi
PAPUA TENGAH,KAB. NABIRE,Teluk Umar
PAPUA TENGAH,KAB. NABIRE,Teluk Kimi
PAPUA TENGAH,KAB. NABIRE,Yaro
PAPUA TENGAH,KAB. NABIRE,Wapoga
PAPUA TENGAH,KAB. NABIRE,Nabire Barat
PAPUA TENGAH,KAB. NABIRE,Moora
PAPUA TENGAH,KAB. NABIRE,Dipa
PAPUA TENGAH,KAB. NABIRE,Menou
PAPUA TENGAH,KAB. PUNCAK JAYA,Mulia
PAPUA TENGAH,KAB. PUNCAK JAYA,Ilu
PAPUA TENGAH,KAB. PUNCAK JAYA,Fawi
PAPUA TENGAH,KAB. PUNCAK JAYA,Mewoluk
PAPUA TENGAH,KAB. PUNCAK JAYA,Yamo
PAPUA TENGAH,KAB. PUNCAK JAYA,Nume
PAPUA TENGAH,KAB. PUNCAK JAYA,Torere
PAPUA TENGAH,KAB. PUNCAK JAYA,Tingginambut
PAPUA TENGAH,KAB. PUNCAK JAYA,Pagaleme
PAPUA TENGAH,KAB. PUNCAK JAYA,Gurage
PAPUA TENGAH,KAB. PUNCAK JAYA,Irimuli
PAPUA TENGAH,KAB. PUNCAK JAYA,Muara
PAPUA TENGAH,KAB. PUNCAK JAYA,Ilamburawi
PAPUA TENGAH,KAB. PUNCAK JAYA,Yambi
PAPUA TENGAH,KAB. PUNCAK JAYA,Lumo
PAPUA TENGAH,KAB. PUNCAK JAYA,Molanikime
PAPUA TENGAH,KAB. PUNCAK JAYA,Dokome
PAPUA TENGAH,KAB. PUNCAK JAYA,Kalome
PAPUA TENGAH,KAB. PUNCAK JAYA,Wanwi
PAPUA TENGAH,KAB. PUNCAK JAYA,Yamoneri
PAPUA TENGAH,KAB. PUNCAK JAYA,Waegi
PAPUA TENGAH,KAB. PUNCAK JAYA,Nioga
PAPUA TENGAH,KAB. PUNCAK JAYA,Gubume
PAPUA TENGAH,KAB. PUNCAK JAYA,Taganombak
PAPUA TENGAH,KAB. PUNCAK JAYA,Dagai
PAPUA TENGAH,KAB. PUNCAK JAYA,Kiyage
PAPUA TENGAH,KAB. PANIAI,Paniai Timur
PAPUA TENGAH,KAB. PANIAI,Paniai Barat
PAPUA TENGAH,KAB. PANIAI,Aradide
PAPUA TENGAH,KAB. PANIAI,Bogabaida
PAPUA TENGAH,KAB. PANIAI,Bibida
PAPUA TENGAH,KAB. PANIAI,Dumadama
PAPUA TENGAH,KAB. PANIAI,Siriwo
PAPUA TENGAH,KAB. PANIAI,Kebo
PAPUA TENGAH,KAB. PANIAI,Yatamo
PAPUA TENGAH,KAB. PANIAI,Ekadide
PAPUA TENGAH,KAB. PANIAI,Wegee Muka
PAPUA TENGAH,KAB. PANIAI,Wegee Bino
PAPUA TENGAH,KAB. PANIAI,Pugo Dagi
PAPUA TENGAH,KAB. PANIAI,Muye
PAPUA TENGAH,KAB. PANIAI,Nakama
PAPUA TENGAH,KAB. PANIAI,Teluk Deya
PAPUA TENGAH,KAB. PANIAI,Yagai
PAPUA TENGAH,KAB. PANIAI,Youtadi
PAPUA TENGAH,KAB. PANIAI,Baya Biru
PAPUA TENGAH,KAB. PANIAI,Deiyai Miyo
PAPUA TENGAH,KAB. PANIAI,Dogomo
PAPUA TENGAH,KAB. PANIAI,Aweida
PAPUA TENGAH,KAB. PANIAI,Topiyai
PAPUA TENGAH,KAB. PANIAI,Fajar Timur
PAPUA TENGAH,KAB. MIMIKA,Mimika Baru
PAPUA TENGAH,KAB. MIMIKA,Agimuga
PAPUA TENGAH,KAB. MIMIKA,Mimika Timur
PAPUA TENGAH,KAB. MIMIKA,Mimika Barat
PAPUA TENGAH,KAB. MIMIKA,Jita
PAPUA TENGAH,KAB. MIMIKA,Jila
PAPUA TENGAH,KAB. MIMIKA,Mimika Timur Jauh
PAPUA TENGAH,KAB. MIMIKA,Mimika Tengah
PAPUA TENGAH,KAB. MIMIKA,Kuala Kencana
PAPUA TENGAH,KAB. MIMIKA,Tembagapura
PAPUA TENGAH,KAB. MIMIKA,Mimika Barat Jauh
PAPUA TENGAH,KAB. MIMIKA,Mimika Barat Tengah
PAPUA TENGAH,KAB. MIMIKA,Kwamki Narama
PAPUA TENGAH,KAB. MIMIKA,Hoya
PAPUA TENGAH,KAB. MIMIKA,Iwaka
PAPUA TENGAH,KAB. MIMIKA,Wania
PAPUA TENGAH,KAB. MIMIKA,Amar
PAPUA TENGAH,KAB. MIMIKA,Alama
PAPUA TENGAH,KAB. PUNCAK,Ilaga
PAPUA TENGAH,KAB. PUNCAK,Wangbe
PAPUA TENGAH,KAB. PUNCAK,Beoga
PAPUA TENGAH,KAB. PUNCAK,Doufo
PAPUA TENGAH,KAB. PUNCAK,Pogoma
PAPUA TENGAH,KAB. PUNCAK,Sinak
PAPUA TENGAH,KAB. PUNCAK,Agandugume
PAPUA TENGAH,KAB. PUNCAK,Gome
PAPUA TENGAH,KAB. PUNCAK,Dervos
PAPUA TENGAH,KAB. PUNCAK,Beoga Barat
PAPUA TENGAH,KAB. PUNCAK,Beoga Timur
PAPUA TENGAH,KAB. PUNCAK,Ogamanim
PAPUA TENGAH,KAB. PUNCAK,Kembru
PAPUA TENGAH,KAB. PUNCAK,Bina
PAPUA TENGAH,KAB. PUNCAK,Sinak Barat
PAPUA TENGAH,KAB. PUNCAK,Mage'abume
PAPUA TENGAH,KAB. PUNCAK,Yugumuak
PAPUA TENGAH,KAB. PUNCAK,Ilaga Utara
PAPUA TENGAH,KAB. PUNCAK,Mabugi
PAPUA TENGAH,KAB. PUNCAK,Omukia
PAPUA TENGAH,KAB. PUNCAK,Lambewi
PAPUA TENGAH,KAB. PUNCAK,Oneri
PAPUA TENGAH,KAB. PUNCAK,Amungkalpia
PAPUA TENGAH,KAB. PUNCAK,Gome Utara
PAPUA TENGAH,KAB. PUNCAK,Erelmakawia
PAPUA TENGAH,KAB. DOGIYAI,Kamu
PAPUA TENGAH,KAB. DOGIYAI,Mapia
PAPUA TENGAH,KAB. DOGIYAI,Piyaiye
PAPUA TENGAH,KAB. DOGIYAI,Kamu Utara
PAPUA TENGAH,KAB. DOGIYAI,Sukikai Selatan
PAPUA TENGAH,KAB. DOGIYAI,Mapia Barat
PAPUA TENGAH,KAB. DOGIYAI,Kamu Selatan
PAPUA TENGAH,KAB. DOGIYAI,Kamu Timur
PAPUA TENGAH,KAB. DOGIYAI,Mapia Tengah
PAPUA TENGAH,KAB. DOGIYAI,Dogiyai
PAPUA TENGAH,KAB. INTAN JAYA,Sugapa
PAPUA TENGAH,KAB. INTAN JAYA,Homeyo
PAPUA TENGAH,KAB. INTAN JAYA,Wandai
PAPUA TENGAH,KAB. INTAN JAYA,Biandoga
PAPUA TENGAH,KAB. INTAN JAYA,Agisiga
PAPUA TENGAH,KAB. INTAN JAYA,Hitadipa
PAPUA TENGAH,KAB. INTAN JAYA,Ugimba
PAPUA TENGAH,KAB. INTAN JAYA,Tomosiga
PAPUA TENGAH,KAB. DEIYAI,Tigi
PAPUA TENGAH,KAB. DEIYAI,Tigi Timur
PAPUA TENGAH,KAB. DEIYAI,Bowobado
PAPUA TENGAH,KAB. DEIYAI,Tigi Barat
PAPUA TENGAH,KAB. DEIYAI,Kapiraya
PAPUA PEGUNUNGAN,KAB. JAYAWIJAYA,Wamena
PAPUA PEGUNUNGAN,KAB. JAYAWIJAYA,Kurulu
PAPUA PEGUNUNGAN,KAB. JAYAWIJAYA,Asologaima
PAPUA PEGUNUNGAN,KAB. JAYAWIJAYA,Hubikosi
PAPUA PEGUNUNGAN,KAB. JAYAWIJAYA,Bolakme
PAPUA PEGUNUNGAN,KAB. JAYAWIJAYA,Walelagama
PAPUA PEGUNUNGAN,KAB. JAYAWIJAYA,Musatfak
PAPUA PEGUNUNGAN,KAB. JAYAWIJAYA,Wolo
PAPUA PEGUNUNGAN,KAB. JAYAWIJAYA,Asolokobal
PAPUA PEGUNUNGAN,KAB. JAYAWIJAYA,Pelebaga
PAPUA PEGUNUNGAN,KAB. JAYAWIJAYA,Yalengga
PAPUA PEGUNUNGAN,KAB. JAYAWIJAYA,Trikora
PAPUA PEGUNUNGAN,KAB. JAYAWIJAYA,Napua
PAPUA PEGUNUNGAN,KAB. JAYAWIJAYA,Walaik
PAPUA PEGUNUNGAN,KAB. JAYAWIJAYA,Wouma
PAPUA PEGUNUNGAN,KAB. JAYAWIJAYA,Hubikiak
PAPUA PEGUNUNGAN,KAB. JAYAWIJAYA,Ibele
PAPUA PEGUNUNGAN,KAB. JAYAWIJAYA,Taelarek
PAPUA PEGUNUNGAN,KAB. JAYAWIJAYA,Itlay Hisage
PAPUA PEGUNUNGAN,KAB. JAYAWIJAYA,Siepkosi
PAPUA PEGUNUNGAN,KAB. JAYAWIJAYA,Usilimo
PAPUA PEGUNUNGAN,KAB. JAYAWIJAYA,Wita Waya
PAPUA PEGUNUNGAN,KAB. JAYAWIJAYA,Libarek
PAPUA PEGUNUNGAN,KAB. JAYAWIJAYA,Wadangku
PAPUA PEGUNUNGAN,KAB. JAYAWIJAYA,Pisugi
PAPUA PEGUNUNGAN,KAB. JAYAWIJAYA,Koragi
PAPUA PEGUNUNGAN,KAB. JAYAWIJAYA,Tagime
PAPUA PEGUNUNGAN,KAB. JAYAWIJAYA,Molagalome
PAPUA PEGUNUNGAN,KAB. JAYAWIJAYA,Tagineri
PAPUA PEGUNUNGAN,KAB. JAYAWIJAYA,Silo Karno Doga
PAPUA PEGUNUNGAN,KAB. JAYAWIJAYA,Piramid
PAPUA PEGUNUNGAN,KAB. JAYAWIJAYA,Muliama
PAPUA PEGUNUNGAN,KAB. JAYAWIJAYA,Bugi
PAPUA PEGUNUNGAN,KAB. JAYAWIJAYA,Bpiri
PAPUA PEGUNUNGAN,KAB. JAYAWIJAYA,Welesi
PAPUA PEGUNUNGAN,KAB. JAYAWIJAYA,Asotipo
PAPUA PEGUNUNGAN,KAB. JAYAWIJAYA,Maima
PAPUA PEGUNUNGAN,KAB. JAYAWIJAYA,Popugoba
PAPUA PEGUNUNGAN,KAB. JAYAWIJAYA,Wame
PAPUA PEGUNUNGAN,KAB. JAYAWIJAYA,Wesaput
PAPUA PEGUNUNGAN,KAB. PEGUNUNGAN BINTANG,Oksibil
PAPUA PEGUNUNGAN,KAB. PEGUNUNGAN BINTANG,Kiwirok
PAPUA PEGUNUNGAN,KAB. PEGUNUNGAN BINTANG,Okbibab
PAPUA PEGUNUNGAN,KAB. PEGUNUNGAN BINTANG,Iwur
PAPUA PEGUNUNGAN,KAB. PEGUNUNGAN BINTANG,Batom
PAPUA PEGUNUNGAN,KAB. PEGUNUNGAN BINTANG,Borme
PAPUA PEGUNUNGAN,KAB. PEGUNUNGAN BINTANG,Kiwirok Timur
PAPUA PEGUNUNGAN,KAB. PEGUNUNGAN BINTANG,Aboy
PAPUA PEGUNUNGAN,KAB. PEGUNUNGAN BINTANG,Pepera
PAPUA PEGUNUNGAN,KAB. PEGUNUNGAN BINTANG,Bime
PAPUA PEGUNUNGAN,KAB. PEGUNUNGAN BINTANG,Alemsom
PAPUA PEGUNUNGAN,KAB. PEGUNUNGAN BINTANG,Okbape
PAPUA PEGUNUNGAN,KAB. PEGUNUNGAN BINTANG,Kalomdol
PAPUA PEGUNUNGAN,KAB. PEGUNUNGAN BINTANG,Oksop
PAPUA PEGUNUNGAN,KAB. PEGUNUNGAN BINTANG,Serambakon
PAPUA PEGUNUNGAN,KAB. PEGUNUNGAN BINTANG,Ok Aom
PAPUA PEGUNUNGAN,KAB. PEGUNUNGAN BINTANG,Kawor
PAPUA PEGUNUNGAN,KAB. PEGUNUNGAN BINTANG,Awinbon
PAPUA PEGUNUNGAN,KAB. PEGUNUNGAN BINTANG,Tarup
PAPUA PEGUNUNGAN,KAB. PEGUNUNGAN BINTANG,Okhika
PAPUA PEGUNUNGAN,KAB. PEGUNUNGAN BINTANG,Oksamol
PAPUA PEGUNUNGAN,KAB. PEGUNUNGAN BINTANG,Oklip
PAPUA PEGUNUNGAN,KAB. PEGUNUNGAN BINTANG,Okbemtau
PAPUA PEGUNUNGAN,KAB. PEGUNUNGAN BINTANG,Oksebang
PAPUA PEGUNUNGAN,KAB. PEGUNUNGAN BINTANG,Okbab
PAPUA PEGUNUNGAN,KAB. PEGUNUNGAN BINTANG,Batani
PAPUA PEGUNUNGAN,KAB. PEGUNUNGAN BINTANG,Weime
PAPUA PEGUNUNGAN,KAB. PEGUNUNGAN BINTANG,Murkim
PAPUA PEGUNUNGAN,KAB. PEGUNUNGAN BINTANG,Mofinop
PAPUA PEGUNUNGAN,KAB. PEGUNUNGAN BINTANG,Jetfa
PAPUA PEGUNUNGAN,KAB. PEGUNUNGAN BINTANG,Teiraplu
PAPUA PEGUNUNGAN,KAB. PEGUNUNGAN BINTANG,Eipumek
PAPUA PEGUNUNGAN,KAB. PEGUNUNGAN BINTANG,Pamek
PAPUA PEGUNUNGAN,KAB. PEGUNUNGAN BINTANG,Nongme
PAPUA PEGUNUNGAN,KAB. YAHUKIMO,Kurima
PAPUA PEGUNUNGAN,KAB. YAHUKIMO,Anggruk
PAPUA PEGUNUNGAN,KAB. YAHUKIMO,Ninia
PAPUA PEGUNUNGAN,KAB. YAHUKIMO,Silimo
PAPUA PEGUNUNGAN,KAB. YAHUKIMO,Samenage
PAPUA PEGUNUNGAN,KAB. YAHUKIMO,Nalca
PAPUA PEGUNUNGAN,KAB. YAHUKIMO,Dekai
PAPUA PEGUNUNGAN,KAB. YAHUKIMO,Obio
PAPUA PEGUNUNGAN,KAB. YAHUKIMO,Suru Suru
PAPUA PEGUNUNGAN,KAB. YAHUKIMO,Wusama
PAPUA PEGUNUNGAN,KAB. YAHUKIMO,Amuma
PAPUA PEGUNUNGAN,KAB. YAHUKIMO,Musaik
PAPUA PEGUNUNGAN,KAB. YAHUKIMO,Pasema
PAPUA PEGUNUNGAN,KAB. YAHUKIMO,Hogio
PAPUA PEGUNUNGAN,KAB. YAHUKIMO,Mugi
PAPUA PEGUNUNGAN,KAB. YAHUKIMO,Soba
PAPUA PEGUNUNGAN,KAB. YAHUKIMO,Werima
PAPUA PEGUNUNGAN,KAB. YAHUKIMO,Tangma
PAPUA PEGUNUNGAN,KAB. YAHUKIMO,Ukha
PAPUA PEGUNUNGAN,KAB. YAHUKIMO,Panggema
PAPUA PEGUNUNGAN,KAB. YAHUKIMO,Kosarek
PAPUA PEGUNUNGAN,KAB. YAHUKIMO,Nipsan
PAPUA PEGUNUNGAN,KAB. YAHUKIMO,Ubahak
PAPUA PEGUNUNGAN,KAB. YAHUKIMO,Pronggoli
PAPUA PEGUNUNGAN,KAB. YAHUKIMO,Walma
PAPUA PEGUNUNGAN,KAB. YAHUKIMO,Yahuliambut
PAPUA PEGUNUNGAN,KAB. YAHUKIMO,Hereapini
PAPUA PEGUNUNGAN,KAB. YAHUKIMO,Ubalihi
PAPUA PEGUNUNGAN,KAB. YAHUKIMO,Talambo
PAPUA PEGUNUNGAN,KAB. YAHUKIMO,Puldama
PAPUA PEGUNUNGAN,KAB. YAHUKIMO,Endomen
PAPUA PEGUNUNGAN,KAB. YAHUKIMO,Kona
PAPUA PEGUNUNGAN,KAB. YAHUKIMO,Dirwemna
PAPUA PEGUNUNGAN,KAB. YAHUKIMO,Holuon
PAPUA PEGUNUNGAN,KAB. YAHUKIMO,Lolat
PAPUA PEGUNUNGAN,KAB. YAHUKIMO,Soloikma
PAPUA PEGUNUNGAN,KAB. YAHUKIMO,Sela
PAPUA PEGUNUNGAN,KAB. YAHUKIMO,Korupun
PAPUA PEGUNUNGAN,KAB. YAHUKIMO,Langda
PAPUA PEGUNUNGAN,KAB. YAHUKIMO,Bomela
PAPUA PEGUNUNGAN,KAB. YAHUKIMO,Suntamon
PAPUA PEGUNUNGAN,KAB. YAHUKIMO,Seradala
PAPUA PEGUNUNGAN,KAB. YAHUKIMO,Sobaham
PAPUA PEGUNUNGAN,KAB. YAHUKIMO,Kabianggama
PAPUA PEGUNUNGAN,KAB. YAHUKIMO,Kwelamdua
PAPUA PEGUNUNGAN,KAB. YAHUKIMO,Kwikma
PAPUA PEGUNUNGAN,KAB. YAHUKIMO,Hilipuk
PAPUA PEGUNUNGAN,KAB. YAHUKIMO,Duram
PAPUA PEGUNUNGAN,KAB. YAHUKIMO,Yogosem
PAPUA PEGUNUNGAN,KAB. YAHUKIMO,Kayo
PAPUA PEGUNUNGAN,KAB. YAHUKIMO,Sumo
PAPUA PEGUNUNGAN,KAB. TOLIKARA,Karubaga
PAPUA PEGUNUNGAN,KAB. TOLIKARA,Bokondini
PAPUA PEGUNUNGAN,KAB. TOLIKARA,Kanggime
PAPUA PEGUNUNGAN,KAB. TOLIKARA,Kembu
PAPUA PEGUNUNGAN,KAB. TOLIKARA,Goyage
PAPUA PEGUNUNGAN,KAB. TOLIKARA,Wunim
PAPUA PEGUNUNGAN,KAB. TOLIKARA,Wina
PAPUA PEGUNUNGAN,KAB. TOLIKARA,Umagi
PAPUA PEGUNUNGAN,KAB. TOLIKARA,Panaga
PAPUA PEGUNUNGAN,KAB. TOLIKARA,Woniki
PAPUA PEGUNUNGAN,KAB. TOLIKARA,Kubu
PAPUA PEGUNUNGAN,KAB. TOLIKARA,Konda/ Kondaga
PAPUA PEGUNUNGAN,KAB. TOLIKARA,Nelawi
PAPUA PEGUNUNGAN,KAB. TOLIKARA,Kuari
PAPUA PEGUNUNGAN,KAB. TOLIKARA,Bokoneri
PAPUA PEGUNUNGAN,KAB. TOLIKARA,Bewani
PAPUA PEGUNUNGAN,KAB. TOLIKARA,Nabunage
PAPUA PEGUNUNGAN,KAB. TOLIKARA,Gilubandu
PAPUA PEGUNUNGAN,KAB. TOLIKARA,Nunggawi
PAPUA PEGUNUNGAN,KAB. TOLIKARA,Gundagi
PAPUA PEGUNUNGAN,KAB. TOLIKARA,Numba
PAPUA PEGUNUNGAN,KAB. TOLIKARA,Timori
PAPUA PEGUNUNGAN,KAB. TOLIKARA,Dundu
PAPUA PEGUNUNGAN,KAB. TOLIKARA,Geya
PAPUA PEGUNUNGAN,KAB. TOLIKARA,Egiam
PAPUA PEGUNUNGAN,KAB. TOLIKARA,Poganeri
PAPUA PEGUNUNGAN,KAB. TOLIKARA,Kamboneri
PAPUA PEGUNUNGAN,KAB. TOLIKARA,Airgaram
PAPUA PEGUNUNGAN,KAB. TOLIKARA,Wari/Taiyeve II
PAPUA PEGUNUNGAN,KAB. TOLIKARA,Dow
PAPUA PEGUNUNGAN,KAB. TOLIKARA,Tagineri
PAPUA PEGUNUNGAN,KAB. TOLIKARA,Yuneri
PAPUA PEGUNUNGAN,KAB. TOLIKARA,Wakuwo
PAPUA PEGUNUNGAN,KAB. TOLIKARA,Gika
PAPUA PEGUNUNGAN,KAB. TOLIKARA,Telenggeme
PAPUA PEGUNUNGAN,KAB. TOLIKARA,Anawi
PAPUA PEGUNUNGAN,KAB. TOLIKARA,Wenam
PAPUA PEGUNUNGAN,KAB. TOLIKARA,Wugi
PAPUA PEGUNUNGAN,KAB. TOLIKARA,Danime
PAPUA PEGUNUNGAN,KAB. TOLIKARA,Tagime
PAPUA PEGUNUNGAN,KAB. TOLIKARA,Kai
PAPUA PEGUNUNGAN,KAB. TOLIKARA,Aweku
PAPUA PEGUNUNGAN,KAB. TOLIKARA,Bogonuk
PAPUA PEGUNUNGAN,KAB. TOLIKARA,Li Anogomma
PAPUA PEGUNUNGAN,KAB. TOLIKARA,Biuk
PAPUA PEGUNUNGAN,KAB. TOLIKARA,Yuko
PAPUA PEGUNUNGAN,KAB. MAMBERAMO TENGAH,Kobakma
PAPUA PEGUNUNGAN,KAB. MAMBERAMO TENGAH,Kelila
PAPUA PEGUNUNGAN,KAB. MAMBERAMO TENGAH,Eragayam
PAPUA PEGUNUNGAN,KAB. MAMBERAMO TENGAH,Megambilis
PAPUA PEGUNUNGAN,KAB. MAMBERAMO TENGAH,Ilugwa
PAPUA PEGUNUNGAN,KAB. YALIMO,Elelim
PAPUA PEGUNUNGAN,KAB. YALIMO,Apalapsili
PAPUA PEGUNUNGAN,KAB. YALIMO,Abenaho
PAPUA PEGUNUNGAN,KAB. YALIMO,Benawa
PAPUA PEGUNUNGAN,KAB. YALIMO,Welarek
PAPUA PEGUNUNGAN,KAB. LANNY JAYA,Tiom
PAPUA PEGUNUNGAN,KAB. LANNY JAYA,Pirime
PAPUA PEGUNUNGAN,KAB. LANNY JAYA,Makki
PAPUA PEGUNUNGAN,KAB. LANNY JAYA,Gamelia
PAPUA PEGUNUNGAN,KAB. LANNY JAYA,Dimba
PAPUA PEGUNUNGAN,KAB. LANNY JAYA,Melagineri
PAPUA PEGUNUNGAN,KAB. LANNY JAYA,Balingga
PAPUA PEGUNUNGAN,KAB. LANNY JAYA,Tiomneri
PAPUA PEGUNUNGAN,KAB. LANNY JAYA,Kuyawage
PAPUA PEGUNUNGAN,KAB. LANNY JAYA,Poga
PAPUA PEGUNUNGAN,KAB. LANNY JAYA,Niname
PAPUA PEGUNUNGAN,KAB. LANNY JAYA,Nogi
PAPUA PEGUNUNGAN,KAB. LANNY JAYA,Yiginua
PAPUA PEGUNUNGAN,KAB. LANNY JAYA,Tiom Ollo
PAPUA PEGUNUNGAN,KAB. LANNY JAYA,Yugungwi
PAPUA PEGUNUNGAN,KAB. LANNY JAYA,Mokoni
PAPUA PEGUNUNGAN,KAB. LANNY JAYA,Wereka
PAPUA PEGUNUNGAN,KAB. LANNY JAYA,Milimbo
PAPUA PEGUNUNGAN,KAB. LANNY JAYA,Wiringgambut
PAPUA PEGUNUNGAN,KAB. LANNY JAYA,Gollo
PAPUA PEGUNUNGAN,KAB. LANNY JAYA,Awina
PAPUA PEGUNUNGAN,KAB. LANNY JAYA,Ayumnati
PAPUA PEGUNUNGAN,KAB. LANNY JAYA,Wano Barat
PAPUA PEGUNUNGAN,KAB. LANNY JAYA,Goa Balim
PAPUA PEGUNUNGAN,KAB. LANNY JAYA,Bruwa
PAPUA PEGUNUNGAN,KAB. LANNY JAYA,Balingga Barat
PAPUA PEGUNUNGAN,KAB. LANNY JAYA,Gupura
PAPUA PEGUNUNGAN,KAB. LANNY JAYA,Kolawa
PAPUA PEGUNUNGAN,KAB. LANNY JAYA,Gelok Beam
PAPUA PEGUNUNGAN,KAB. LANNY JAYA,Kuly Lanny
PAPUA PEGUNUNGAN,KAB. LANNY JAYA,Lannyna
PAPUA PEGUNUNGAN,KAB. LANNY JAYA,Karu
PAPUA PEGUNUNGAN,KAB. LANNY JAYA,Yiluk
PAPUA PEGUNUNGAN,KAB. LANNY JAYA,Guna
PAPUA PEGUNUNGAN,KAB. LANNY JAYA,Kelulome
PAPUA PEGUNUNGAN,KAB. LANNY JAYA,Nikogwe
PAPUA PEGUNUNGAN,KAB. LANNY JAYA,Muara
PAPUA PEGUNUNGAN,KAB. LANNY JAYA,Buguk Gona
PAPUA PEGUNUNGAN,KAB. LANNY JAYA,Melagi
PAPUA PEGUNUNGAN,KAB. NDUGA,Kenyam
PAPUA PEGUNUNGAN,KAB. NDUGA,Mapenduma
PAPUA PEGUNUNGAN,KAB. NDUGA,Yigi
PAPUA PEGUNUNGAN,KAB. NDUGA,Wosak
PAPUA PEGUNUNGAN,KAB. NDUGA,Geselma
PAPUA PEGUNUNGAN,KAB. NDUGA,Mugi
PAPUA PEGUNUNGAN,KAB. NDUGA,Mbuwa
PAPUA PEGUNUNGAN,KAB. NDUGA,Gearek
PAPUA PEGUNUNGAN,KAB. NDUGA,Koroptak
PAPUA PEGUNUNGAN,KAB. NDUGA,Kegayem
PAPUA PEGUNUNGAN,KAB. NDUGA,Paro
PAPUA PEGUNUNGAN,KAB. NDUGA,Mebarok
PAPUA PEGUNUNGAN,KAB. NDUGA,Yenggelo
PAPUA PEGUNUNGAN,KAB. NDUGA,Kilmid
PAPUA PEGUNUNGAN,KAB. NDUGA,Alama
PAPUA PEGUNUNGAN,KAB. NDUGA,Yal
PAPUA PEGUNUNGAN,KAB. NDUGA,Mam
PAPUA PEGUNUNGAN,KAB. NDUGA,Dal
PAPUA PEGUNUNGAN,KAB. NDUGA,Nirkuri
PAPUA PEGUNUNGAN,KAB. NDUGA,Inikgal
PAPUA PEGUNUNGAN,KAB. NDUGA,Iniye
PAPUA PEGUNUNGAN,KAB. NDUGA,Mbulmu Yalma
PAPUA PEGUNUNGAN,KAB. NDUGA,Mbua Tengah
PAPUA PEGUNUNGAN,KAB. NDUGA,Embetpen
PAPUA PEGUNUNGAN,KAB. NDUGA,Kora
PAPUA PEGUNUNGAN,KAB. NDUGA,Wusi
PAPUA PEGUNUNGAN,KAB. NDUGA,Pija
PAPUA PEGUNUNGAN,KAB. NDUGA,Moba
PAPUA PEGUNUNGAN,KAB. NDUGA,Wutpaga
PAPUA PEGUNUNGAN,KAB. NDUGA,Nenggeagin
PAPUA PEGUNUNGAN,KAB. NDUGA,Krepkuri
PAPUA PEGUNUNGAN,KAB. NDUGA,Pasir Putih
